pose_world_0_x,pose_world_0_y,pose_world_0_z,pose_world_0_visibility,pose_world_1_x,pose_world_1_y,pose_world_1_z,pose_world_1_visibility,pose_world_2_x,pose_world_2_y,pose_world_2_z,pose_world_2_visibility,pose_world_3_x,pose_world_3_y,pose_world_3_z,pose_world_3_visibility,pose_world_4_x,pose_world_4_y,pose_world_4_z,pose_world_4_visibility,pose_world_5_x,pose_world_5_y,pose_world_5_z,pose_world_5_visibility,pose_world_6_x,pose_world_6_y,pose_world_6_z,pose_world_6_visibility,pose_world_7_x,pose_world_7_y,pose_world_7_z,pose_world_7_visibility,pose_world_8_x,pose_world_8_y,pose_world_8_z,pose_world_8_visibility,pose_world_9_x,pose_world_9_y,pose_world_9_z,pose_world_9_visibility,pose_world_10_x,pose_world_10_y,pose_world_10_z,pose_world_10_visibility,pose_world_11_x,pose_world_11_y,pose_world_11_z,pose_world_11_visibility,pose_world_12_x,pose_world_12_y,pose_world_12_z,pose_world_12_visibility,pose_world_13_x,pose_world_13_y,pose_world_13_z,pose_world_13_visibility,pose_world_14_x,pose_world_14_y,pose_world_14_z,pose_world_14_visibility,pose_world_15_x,pose_world_15_y,pose_world_15_z,pose_world_15_visibility,pose_world_16_x,pose_world_16_y,pose_world_16_z,pose_world_16_visibility,pose_world_17_x,pose_world_17_y,pose_world_17_z,pose_world_17_visibility,pose_world_18_x,pose_world_18_y,pose_world_18_z,pose_world_18_visibility,pose_world_19_x,pose_world_19_y,pose_world_19_z,pose_world_19_visibility,pose_world_20_x,pose_world_20_y,pose_world_20_z,pose_world_20_visibility,pose_world_21_x,pose_world_21_y,pose_world_21_z,pose_world_21_visibility,pose_world_22_x,pose_world_22_y,pose_world_22_z,pose_world_22_visibility,pose_world_23_x,pose_world_23_y,pose_world_23_z,pose_world_23_visibility,pose_world_24_x,pose_world_24_y,pose_world_24_z,pose_world_24_visibility,pose_world_25_x,pose_world_25_y,pose_world_25_z,pose_world_25_visibility,pose_world_26_x,pose_world_26_y,pose_world_26_z,pose_world_26_visibility,pose_world_27_x,pose_world_27_y,pose_world_27_z,pose_world_27_visibility,pose_world_28_x,pose_world_28_y,pose_world_28_z,pose_world_28_visibility,pose_world_29_x,pose_world_29_y,pose_world_29_z,pose_world_29_visibility,pose_world_30_x,pose_world_30_y,pose_world_30_z,pose_world_30_visibility,pose_world_31_x,pose_world_31_y,pose_world_31_z,pose_world_31_visibility,pose_world_32_x,pose_world_32_y,pose_world_32_z,pose_world_32_visibility,frame,timestamp,left_hand_0_x,left_hand_0_y,left_hand_0_z,left_hand_0_visibility,left_hand_1_x,left_hand_1_y,left_hand_1_z,left_hand_1_visibility,left_hand_2_x,left_hand_2_y,left_hand_2_z,left_hand_2_visibility,left_hand_3_x,left_hand_3_y,left_hand_3_z,left_hand_3_visibility,left_hand_4_x,left_hand_4_y,left_hand_4_z,left_hand_4_visibility,left_hand_5_x,left_hand_5_y,left_hand_5_z,left_hand_5_visibility,left_hand_6_x,left_hand_6_y,left_hand_6_z,left_hand_6_visibility,left_hand_7_x,left_hand_7_y,left_hand_7_z,left_hand_7_visibility,left_hand_8_x,left_hand_8_y,left_hand_8_z,left_hand_8_visibility,left_hand_9_x,left_hand_9_y,left_hand_9_z,left_hand_9_visibility,left_hand_10_x,left_hand_10_y,left_hand_10_z,left_hand_10_visibility,left_hand_11_x,left_hand_11_y,left_hand_11_z,left_hand_11_visibility,left_hand_12_x,left_hand_12_y,left_hand_12_z,left_hand_12_visibility,left_hand_13_x,left_hand_13_y,left_hand_13_z,left_hand_13_visibility,left_hand_14_x,left_hand_14_y,left_hand_14_z,left_hand_14_visibility,left_hand_15_x,left_hand_15_y,left_hand_15_z,left_hand_15_visibility,left_hand_16_x,left_hand_16_y,left_hand_16_z,left_hand_16_visibility,left_hand_17_x,left_hand_17_y,left_hand_17_z,left_hand_17_visibility,left_hand_18_x,left_hand_18_y,left_hand_18_z,left_hand_18_visibility,left_hand_19_x,left_hand_19_y,left_hand_19_z,left_hand_19_visibility,left_hand_20_x,left_hand_20_y,left_hand_20_z,left_hand_20_visibility,right_hand_0_x,right_hand_0_y,right_hand_0_z,right_hand_0_visibility,right_hand_1_x,right_hand_1_y,right_hand_1_z,right_hand_1_visibility,right_hand_2_x,right_hand_2_y,right_hand_2_z,right_hand_2_visibility,right_hand_3_x,right_hand_3_y,right_hand_3_z,right_hand_3_visibility,right_hand_4_x,right_hand_4_y,right_hand_4_z,right_hand_4_visibility,right_hand_5_x,right_hand_5_y,right_hand_5_z,right_hand_5_visibility,right_hand_6_x,right_hand_6_y,right_hand_6_z,right_hand_6_visibility,right_hand_7_x,right_hand_7_y,right_hand_7_z,right_hand_7_visibility,right_hand_8_x,right_hand_8_y,right_hand_8_z,right_hand_8_visibility,right_hand_9_x,right_hand_9_y,right_hand_9_z,right_hand_9_visibility,right_hand_10_x,right_hand_10_y,right_hand_10_z,right_hand_10_visibility,right_hand_11_x,right_hand_11_y,right_hand_11_z,right_hand_11_visibility,right_hand_12_x,right_hand_12_y,right_hand_12_z,right_hand_12_visibility,right_hand_13_x,right_hand_13_y,right_hand_13_z,right_hand_13_visibility,right_hand_14_x,right_hand_14_y,right_hand_14_z,right_hand_14_visibility,right_hand_15_x,right_hand_15_y,right_hand_15_z,right_hand_15_visibility,right_hand_16_x,right_hand_16_y,right_hand_16_z,right_hand_16_visibility,right_hand_17_x,right_hand_17_y,right_hand_17_z,right_hand_17_visibility,right_hand_18_x,right_hand_18_y,right_hand_18_z,right_hand_18_visibility,right_hand_19_x,right_hand_19_y,right_hand_19_z,right_hand_19_visibility,right_hand_20_x,right_hand_20_y,right_hand_20_z,right_hand_20_visibility
-0.0780697762966156,-0.5893522500991821,-0.3171176016330719,0.9991227984428406,-0.05972445383667946,-0.6288172006607056,-0.3150304853916168,0.9985528588294983,-0.06007257103919983,-0.6283872127532959,-0.3168921172618866,0.998807430267334,-0.05969050154089928,-0.6283902525901794,-0.3151228725910187,0.99863201379776,-0.09673267602920532,-0.6291955709457397,-0.30726000666618347,0.9983105659484863,-0.0946846678853035,-0.6299437284469604,-0.3072497844696045,0.9984325766563416,-0.0952918753027916,-0.6289082169532776,-0.3033704459667206,0.9981164932250977,0.046420276165008545,-0.6253291964530945,-0.24069267511367798,0.9988341927528381,-0.10240934044122696,-0.6238823533058167,-0.17727752029895782,0.9979516863822937,-0.040292393416166306,-0.5649769902229309,-0.29559120535850525,0.9996356964111328,-0.08329698443412781,-0.5627769827842712,-0.276586651802063,0.9995111227035522,0.1734849214553833,-0.43777740001678467,-0.1874604970216751,0.9996370077133179,-0.15292572975158691,-0.440435528755188,-0.11329393833875656,0.9993419051170349,0.234514981508255,-0.20819474756717682,-0.18370485305786133,0.9183592796325684,-0.18576788902282715,-0.2179710865020752,-0.05362522602081299,0.7030733823776245,0.16797509789466858,-0.03439667448401451,-0.2670978903770447,0.32317012548446655,-0.21036924421787262,-0.05162961035966873,-0.13534310460090637,0.18135949969291687,0.15414369106292725,0.027311259880661964,-0.28977105021476746,0.23514094948768616,-0.2126532346010208,0.006644947454333305,-0.141649529337883,0.15286573767662048,0.11499989777803421,0.023457856848835945,-0.329195499420166,0.3181505501270294,-0.2125585973262787,0.015197131782770157,-0.1853918433189392,0.20482514798641205,0.14136891067028046,-0.02318795770406723,-0.2857871353626251,0.2759755253791809,-0.20215722918510437,-0.032140880823135376,-0.15581314265727997,0.1930999755859375,0.1076897457242012,-0.006336248014122248,-0.014793737791478634,0.1254667341709137,-0.10688591748476028,-0.0017015454359352589,0.01665208674967289,0.12398935854434967,0.06797772645950317,-0.0033343774266541004,-0.04530954733490944,0.07318523526191711,-0.08934671431779861,0.1129971295595169,-0.08720936626195908,0.11536066979169846,0.13886424899101257,0.2590429484844208,0.2262147068977356,0.02039930783212185,-0.09020838141441345,0.465038537979126,0.19697383046150208,0.04639553278684616,0.14239536225795746,0.27541622519493103,0.25311630964279175,0.008982528932392597,-0.0907340720295906,0.4849911332130432,0.2379562258720398,0.021658984944224358,0.16527059674263,0.2586933970451355,0.0375402607023716,0.023724418133497238,-0.13711844384670258,0.5003125071525574,0.06680840998888016,0.04118054732680321,0,0.0,,,,,,,,,,,,,,,,,,,,,,,,,,,,,,,,,,,,,,,,,,,,,,,,,,,,,,,,,,,,,,,,,,,,,,,,,,,,,,,,,,,,,,,,,,,,,,,,,,,,,,,,,,,,,,,,,,,,,,,,,,,,,,,,,,,,,,,,,,,,,,,,,,,,,,,,,,,,,,,,,,,,,,,,
-0.08398745954036713,-0.599802553653717,-0.25657224655151367,0.9991858005523682,-0.06713786721229553,-0.6402395963668823,-0.25262755155563354,0.9986612200737,-0.06763072311878204,-0.6398953199386597,-0.25455206632614136,0.998887836933136,-0.06725861877202988,-0.6398904919624329,-0.2523775100708008,0.9987214207649231,-0.10329370200634003,-0.641604483127594,-0.24588017165660858,0.9984492659568787,-0.10122909396886826,-0.6423299312591553,-0.2463802993297577,0.9985622763633728,-0.10181856900453568,-0.641349732875824,-0.2422763854265213,0.9982759952545166,0.03672284632921219,-0.636886477470398,-0.1752949059009552,0.9989105463027954,-0.11100578308105469,-0.6394542455673218,-0.12364491075277328,0.998130202293396,-0.04677994176745415,-0.5750167369842529,-0.23557674884796143,0.9996514916419983,-0.08972416818141937,-0.5736110806465149,-0.21973316371440887,0.9995424747467041,0.16949476301670074,-0.4419457018375397,-0.14834363758563995,0.9995442628860474,-0.16655756533145905,-0.44714727997779846,-0.03548945114016533,0.9993168711662292,0.21531562507152557,-0.21104170382022858,-0.20332875847816467,0.9249893426895142,-0.2010517716407776,-0.21813306212425232,-0.05608794465661049,0.7207083106040955,-0.0037674452178180218,-0.12977471947669983,-0.34454596042633057,0.3869345188140869,-0.2247350811958313,-0.11128959059715271,-0.25382357835769653,0.24786224961280823,-0.06948790699243546,-0.09902341663837433,-0.3856644332408905,0.30144423246383667,-0.23031917214393616,-0.08375144749879837,-0.2959725558757782,0.21397331357002258,-0.10095566511154175,-0.1411055475473404,-0.39066195487976074,0.3773564100265503,-0.23008616268634796,-0.10080716013908386,-0.30679917335510254,0.26570066809654236,-0.034401509910821915,-0.14127323031425476,-0.35213521122932434,0.3367178738117218,-0.21805979311466217,-0.10784680396318436,-0.26423290371894836,0.2521694004535675,0.1078508272767067,-0.007776874117553234,-0.015302944928407669,0.15075626969337463,-0.10731691122055054,-0.000858749495819211,0.017112568020820618,0.1497950255870819,0.08574816584587097,-0.003677750239148736,-0.07100998610258102,0.07484442740678787,-0.11962702125310898,0.11958852410316467,-0.06970185041427612,0.1137688159942627,0.13401328027248383,0.23615026473999023,0.17720873653888702,0.020117487758398056,-0.1074790209531784,0.44194942712783813,0.15489079058170319,0.04480160400271416,0.13472026586532593,0.24862398207187653,0.19817344844341278,0.009225358255207539,-0.10087049007415771,0.4591783583164215,0.17861606180667877,0.02110123634338379,0.15388187766075134,0.24075333774089813,0.0014728119131177664,0.023957058787345886,-0.1438451111316681,0.500218391418457,0.0040850332006812096,0.040958039462566376,1,0.041,0.6246435642242432,0.9598436951637268,-1.93941758652727e-07,,0.587727427482605,0.9086335301399231,-0.00040025540511123836,,0.537213146686554,0.8946378231048584,-0.002918476704508066,,0.5045464038848877,0.9232511520385742,-0.00658873887732625,,0.4901962876319885,0.9666507244110107,-0.010690535418689251,,0.5044066905975342,0.8713477253913879,-0.0013048939872533083,,0.475140780210495,0.9264175891876221,-0.012846620753407478,,0.4699016213417053,0.9550943970680237,-0.023313218727707863,,0.46942630410194397,0.9646701812744141,-0.02980027347803116,,0.5051789283752441,0.9093436002731323,-0.005861063953489065,,0.4869522750377655,0.9686319828033447,-0.013535567559301853,,0.49500608444213867,0.9860564470291138,-0.019915563985705376,,0.5034157037734985,0.9852168560028076,-0.024017108604311943,,0.5136874318122864,0.9528031945228577,-0.010645945556461811,,0.5001588463783264,1.0068459510803223,-0.017275242134928703,,0.5127439498901367,1.017193078994751,-0.015565093606710434,,0.524005651473999,1.0099917650222778,-0.014105032198131084,,0.5246911644935608,0.9967293739318848,-0.015715589746832848,,0.5147765278816223,1.0421979427337646,-0.020897261798381805,,0.5278977155685425,1.0479708909988403,-0.01681271195411682,,0.5381449460983276,1.0432112216949463,-0.012165586464107037,,,,,,,,,,,,,,,,,,,,,,,,,,,,,,,,,,,,,,,,,,,,,,,,,,,,,,,,,,,,,,,,,,,,,,,,,,,,,,,,,,,,,
-0.08481314778327942,-0.5993938446044922,-0.24864107370376587,0.9992429614067078,-0.0686393454670906,-0.639698326587677,-0.2449560910463333,0.9987489581108093,-0.06916490197181702,-0.6393407583236694,-0.24664881825447083,0.9989502429962158,-0.06882970035076141,-0.6393435001373291,-0.2443111538887024,0.9987930655479431,-0.10443487018346786,-0.6408618092536926,-0.23963752388954163,0.9985702037811279,-0.1023605689406395,-0.6416321396827698,-0.2406269609928131,0.9986753463745117,-0.10300154238939285,-0.6406502723693848,-0.23654727637767792,0.9984174370765686,0.030954476445913315,-0.6366427540779114,-0.1653333455324173,0.9989803433418274,-0.11590621620416641,-0.6387361288070679,-0.12132078409194946,0.998293936252594,-0.04828087240457535,-0.5746259689331055,-0.22657854855060577,0.9996733665466309,-0.0913611352443695,-0.5734291076660156,-0.2126949280500412,0.9995785355567932,0.16500620543956757,-0.44202154874801636,-0.12059518694877625,0.9995326995849609,-0.1698886901140213,-0.4494653344154358,-0.03238902613520622,0.9993639588356018,0.19444507360458374,-0.20957037806510925,-0.20137551426887512,0.9321977496147156,-0.2102179229259491,-0.22218385338783264,-0.10114272683858871,0.7473360300064087,-0.007674233987927437,-0.203578382730484,-0.3420909643173218,0.4477544128894806,-0.22431549429893494,-0.2269894927740097,-0.33111193776130676,0.32187923789024353,-0.07115280628204346,-0.20029914379119873,-0.38772884011268616,0.36829379200935364,-0.22869129478931427,-0.2322334349155426,-0.3859051465988159,0.28752750158309937,-0.08789335936307907,-0.2500181794166565,-0.38645973801612854,0.4366432726383209,-0.22848577797412872,-0.267849326133728,-0.38264918327331543,0.33421626687049866,-0.032470133155584335,-0.22576583921909332,-0.3475494384765625,0.39947834610939026,-0.21699972450733185,-0.23860327899456024,-0.3379933536052704,0.321518212556839,0.10945016890764236,-0.007589873392134905,-0.014351079240441322,0.18903791904449463,-0.10950914770364761,-0.0008627710049040616,0.015605333261191845,0.18979482352733612,0.11240330338478088,-0.01092817448079586,-0.06846976280212402,0.07085389643907547,-0.12637265026569366,0.09306822717189789,-0.06014438718557358,0.10590337961912155,0.1361997276544571,0.2290676087141037,0.1873287707567215,0.018850242719054222,-0.10373853892087936,0.409946471452713,0.17696665227413177,0.04119322821497917,0.13690213859081268,0.23906609416007996,0.20800386369228363,0.008799651637673378,-0.09100443869829178,0.4290737509727478,0.18416477739810944,0.019627217203378677,0.1577722132205963,0.23417988419532776,0.006347370333969593,0.02243906818330288,-0.10774167627096176,0.483140230178833,0.019305678084492683,0.03782989829778671,2,0.083,0.6010885238647461,0.8682907819747925,-7.100687327010746e-08,,0.5766526460647583,0.8108496069908142,-0.0023680045269429684,,0.5431217551231384,0.7755196690559387,-0.007865019142627716,,0.5157914757728577,0.7875946760177612,-0.013172932900488377,,0.5020502805709839,0.8251454830169678,-0.01910514384508133,,0.5095506310462952,0.7827160954475403,-0.011346237733960152,,0.4877445697784424,0.83409583568573,-0.01959608495235443,,0.4968065619468689,0.8408352136611938,-0.02697179652750492,,0.5064210891723633,0.8333824872970581,-0.03139430657029152,,0.5101883411407471,0.8302567601203918,-0.01413986086845398,,0.4946829080581665,0.8776353597640991,-0.018115486949682236,,0.5035737752914429,0.8776931762695312,-0.021411892026662827,,0.5154842734336853,0.8705607652664185,-0.02471080981194973,,0.5165631771087646,0.8776934742927551,-0.016379086300730705,,0.5017606019973755,0.9145346879959106,-0.018266228958964348,,0.5101683735847473,0.9136117696762085,-0.015567694790661335,,0.5213548541069031,0.906255841255188,-0.01475090254098177,,0.5250531435012817,0.9199873805046082,-0.01883447915315628,,0.5084055662155151,0.9468535780906677,-0.018604008480906487,,0.5156267881393433,0.945384681224823,-0.012688525021076202,,0.5233222842216492,0.9388333559036255,-0.00804008636623621,,,,,,,,,,,,,,,,,,,,,,,,,,,,,,,,,,,,,,,,,,,,,,,,,,,,,,,,,,,,,,,,,,,,,,,,,,,,,,,,,,,,,
-0.08631375432014465,-0.5951586961746216,-0.2390679270029068,0.9992976188659668,-0.07048145681619644,-0.636768639087677,-0.237245574593544,0.9988365769386292,-0.07106412947177887,-0.6364041566848755,-0.23898588120937347,0.9990158081054688,-0.07074810564517975,-0.6363906860351562,-0.23657897114753723,0.9988707304000854,-0.10560747236013412,-0.6383072137832642,-0.23081716895103455,0.9986824989318848,-0.10355615615844727,-0.6389140486717224,-0.23183049261569977,0.998778760433197,-0.10422219336032867,-0.637890636920929,-0.22769701480865479,0.9985464811325073,0.029026804491877556,-0.6363242864608765,-0.16210612654685974,0.9990544319152832,-0.11575836688280106,-0.6379163265228271,-0.11272594332695007,0.9984400868415833,-0.04957210645079613,-0.5709949135780334,-0.21860599517822266,0.9996954202651978,-0.09216756373643875,-0.5702815651893616,-0.20287959277629852,0.9996110796928406,0.163654163479805,-0.44051557779312134,-0.11541192978620529,0.9995372891426086,-0.16914720833301544,-0.4493959844112396,-0.018077639862895012,0.9994037747383118,0.18151529133319855,-0.2073337882757187,-0.20065642893314362,0.9386831521987915,-0.20817038416862488,-0.22317618131637573,-0.09597662091255188,0.7706264853477478,-0.015976188704371452,-0.24307218194007874,-0.34238123893737793,0.502588152885437,-0.22474274039268494,-0.27577754855155945,-0.3140427768230438,0.3885708153247833,-0.0809759572148323,-0.25029000639915466,-0.38523924350738525,0.4291030764579773,-0.22896984219551086,-0.29315659403800964,-0.3633543848991394,0.35437941551208496,-0.09085988998413086,-0.30032992362976074,-0.380585640668869,0.49062126874923706,-0.23225107789039612,-0.3295646905899048,-0.3575843870639801,0.39653995633125305,-0.038504328578710556,-0.2679186463356018,-0.3453485071659088,0.45663583278656006,-0.2181580662727356,-0.2902185022830963,-0.3200346529483795,0.384443461894989,0.1107456237077713,-0.00713417399674654,-0.014488437213003635,0.21626217663288116,-0.11069011688232422,-0.0010249594924971461,0.015655698254704475,0.21711088716983795,0.11747295409440994,-0.03447926789522171,-0.06697093695402145,0.06718741357326508,-0.1335429847240448,0.047898098826408386,-0.05670839175581932,0.098921038210392,0.13656243681907654,0.20501287281513214,0.19193819165229797,0.01775660552084446,-0.10205943137407303,0.39124104380607605,0.19700148701667786,0.03798913583159447,0.13710449635982513,0.21281109750270844,0.2140723317861557,0.008439897559583187,-0.08621563017368317,0.40915754437446594,0.21068035066127777,0.018336482346057892,0.15723441541194916,0.1960856020450592,0.009431546553969383,0.021115457639098167,-0.09990055859088898,0.4574318528175354,0.025240596383810043,0.035053737461566925,3,0.125,0.6063427925109863,0.7967512011528015,-2.671479251148412e-07,,0.5884774923324585,0.7462902665138245,0.0022357674315571785,,0.5615832805633545,0.7138599753379822,-0.000881568412296474,,0.5387035012245178,0.714910089969635,-0.006035990547388792,,0.5235348343849182,0.736152172088623,-0.011715308763086796,,0.5285749435424805,0.6759188175201416,-0.0009586676023900509,,0.5029441118240356,0.7126544713973999,-0.009714308194816113,,0.507715106010437,0.7361017465591431,-0.01816575601696968,,0.5160802006721497,0.7408474683761597,-0.023722732439637184,,0.5249243974685669,0.7044106721878052,-0.007218053098767996,,0.5044400095939636,0.7498674392700195,-0.013136201538145542,,0.5112553238868713,0.7721337080001831,-0.01813439466059208,,0.5216342806816101,0.7770064473152161,-0.021873366087675095,,0.5278919339179993,0.7406957149505615,-0.013331335969269276,,0.5080316066741943,0.7767688632011414,-0.017857953906059265,,0.514542281627655,0.797953724861145,-0.017584048211574554,,0.5241978764533997,0.8046243786811829,-0.017655227333307266,,0.534327507019043,0.7752492427825928,-0.019573884084820747,,0.5186119675636292,0.8040124177932739,-0.022274650633335114,,0.5246605277061462,0.8172881603240967,-0.01907147839665413,,0.5323695540428162,0.8203282356262207,-0.01585962250828743,,,,,,,,,,,,,,,,,,,,,,,,,,,,,,,,,,,,,,,,,,,,,,,,,,,,,,,,,,,,,,,,,,,,,,,,,,,,,,,,,,,,,
-0.08607366681098938,-0.5877934098243713,-0.2310503125190735,0.9993464946746826,-0.07026984542608261,-0.6308693885803223,-0.23060902953147888,0.998918890953064,-0.07083075493574142,-0.6304664015769958,-0.2325889766216278,0.9990790486335754,-0.07051301002502441,-0.6304652094841003,-0.23012509942054749,0.9989476799964905,-0.10532296448945999,-0.6327640414237976,-0.22227095067501068,0.9987825751304626,-0.10330811887979507,-0.6333000659942627,-0.22302784025669098,0.9988691806793213,-0.10397444665431976,-0.6322434544563293,-0.21885156631469727,0.9986604452133179,0.03037700615823269,-0.6354899406433105,-0.15976275503635406,0.9991229176521301,-0.11042165756225586,-0.6373744606971741,-0.10207822173833847,0.9985657334327698,-0.04823576658964157,-0.5654336810112,-0.21231526136398315,0.9997156262397766,-0.09007786214351654,-0.5654120445251465,-0.19390961527824402,0.9996386170387268,0.1681201159954071,-0.4377027451992035,-0.11358433216810226,0.9995477795600891,-0.15935173630714417,-0.4507141411304474,-0.006692304741591215,0.9994396567344666,0.1764661818742752,-0.2062615305185318,-0.20010919868946075,0.9443004727363586,-0.20972444117069244,-0.2247885912656784,-0.09248372167348862,0.7904133200645447,-0.011948148719966412,-0.2809891998767853,-0.34209614992141724,0.5518049597740173,-0.2235121876001358,-0.30093181133270264,-0.3045887351036072,0.448330283164978,-0.07758151739835739,-0.29829514026641846,-0.3823832869529724,0.4838719069957733,-0.22602157294750214,-0.3230094313621521,-0.3528195023536682,0.4146309792995453,-0.0799136757850647,-0.351012259721756,-0.37684792280197144,0.5392932295799255,-0.22996069490909576,-0.3632611930370331,-0.3430369198322296,0.4528389573097229,-0.03177402541041374,-0.3086531162261963,-0.34405916929244995,0.5080782175064087,-0.21667924523353577,-0.3172592520713806,-0.3093043863773346,0.4409942626953125,0.11166831851005554,-0.006187880877405405,-0.015170365571975708,0.22706885635852814,-0.1110973060131073,-0.001837475341744721,0.016388507559895515,0.2280687391757965,0.11834921687841415,-0.05795402452349663,-0.07220843434333801,0.06563073396682739,-0.14089062809944153,-0.003758671460673213,-0.05784856155514717,0.0945771113038063,0.1335451900959015,0.18394260108470917,0.20268432796001434,0.017272349447011948,-0.10175226628780365,0.3675827383995056,0.21023154258728027,0.035635001957416534,0.13330581784248352,0.19156523048877716,0.2243098020553589,0.008428906090557575,-0.08630166202783585,0.3817112147808075,0.2350749969482422,0.017544390633702278,0.15127445757389069,0.1560792326927185,0.009630740620195866,0.02042870968580246,-0.10097913444042206,0.4166676700115204,0.026579130440950394,0.03311177343130112,4,0.166,0.5945192575454712,0.7285776734352112,-2.6612696046868223e-07,,0.5837484002113342,0.6684423685073853,0.006932924967259169,,0.5645804405212402,0.6285310983657837,0.00442858412861824,,0.5444096326828003,0.6149573922157288,-4.7759754124854226e-06,,0.5287134647369385,0.6268250942230225,-0.005495064426213503,,0.5310912132263184,0.6011540293693542,-0.006592859048396349,,0.5126290917396545,0.6191437244415283,-0.01181566622108221,,0.5214924812316895,0.6344457268714905,-0.01647387072443962,,0.5322492718696594,0.6390708088874817,-0.019593555480241776,,0.524795651435852,0.6362746953964233,-0.013807332143187523,,0.5102449655532837,0.6570245027542114,-0.014473612420260906,,0.5197573304176331,0.6692972779273987,-0.014811729080975056,,0.5314872860908508,0.6741729378700256,-0.016916073858737946,,0.5237501263618469,0.6772809624671936,-0.01942712999880314,,0.5103445053100586,0.6939721703529358,-0.018678350374102592,,0.5195566415786743,0.7030341625213623,-0.015458275564014912,,0.5305636525154114,0.7060168981552124,-0.01535793673247099,,0.5253125429153442,0.7155075073242188,-0.024491583928465843,,0.5122898817062378,0.726845383644104,-0.022729042917490005,,0.5202996134757996,0.7350596189498901,-0.016600601375102997,,0.5290199518203735,0.7396236658096313,-0.01249914150685072,,0.42762914299964905,0.7347131967544556,-8.11251013033143e-08,,0.446926474571228,0.7160949110984802,-0.0008335167658515275,,0.4571484923362732,0.6835842728614807,-0.0008692555711604655,,0.45742157101631165,0.6525030136108398,-0.0019064034568145871,,0.4546630382537842,0.630573570728302,-0.0025467905215919018,,0.45694610476493835,0.6470681428909302,0.005109765566885471,,0.4532671272754669,0.6201240420341492,0.00027323231915943325,,0.44974273443222046,0.626828670501709,-0.00469297356903553,,0.4492965042591095,0.6407500505447388,-0.007114030420780182,,0.4446994364261627,0.6420043706893921,0.004072892479598522,,0.4413470923900604,0.6175777316093445,0.000469656428322196,,0.4381679892539978,0.6301871538162231,-0.0029657597187906504,,0.43819406628608704,0.6463910937309265,-0.004404718987643719,,0.4317350387573242,0.6420198082923889,0.002315250225365162,,0.43033847212791443,0.6196666359901428,-0.0010163452243432403,,0.4277897775173187,0.6304036974906921,-0.0009465715265832841,,0.42769259214401245,0.6456578373908997,0.00012467140913940966,,0.41873982548713684,0.6454806923866272,0.0004189186147414148,,0.41940513253211975,0.6231855750083923,-0.0010769644286483526,,0.41876062750816345,0.6286872029304504,0.0009801272535696626,,0.41911330819129944,0.6390296220779419,0.0035797134041786194,
-0.07405655086040497,-0.5853772163391113,-0.21403376758098602,0.999381422996521,-0.0596797913312912,-0.6288999915122986,-0.21414151787757874,0.9989861249923706,-0.06036662682890892,-0.6284814476966858,-0.21628037095069885,0.9991305470466614,-0.05999676138162613,-0.6285207867622375,-0.213799387216568,0.9990128874778748,-0.09282530844211578,-0.630327582359314,-0.2052452713251114,0.9988570809364319,-0.09091727435588837,-0.6308470964431763,-0.20581237971782684,0.9989308714866638,-0.09159057587385178,-0.6297640204429626,-0.20163165032863617,0.9987428188323975,0.043571919202804565,-0.6352515816688538,-0.14786571264266968,0.9991826415061951,-0.09032507985830307,-0.6362318396568298,-0.08617324382066727,0.9986579418182373,-0.03396051004528999,-0.5633479952812195,-0.19694681465625763,0.9997316598892212,-0.07378257811069489,-0.5628719925880432,-0.1773000806570053,0.9996592402458191,0.1772388070821762,-0.43592917919158936,-0.10168614983558655,0.9995676279067993,-0.13536909222602844,-0.4497072696685791,0.0005785625544376671,0.999472439289093,0.1599281281232834,-0.2061544507741928,-0.18929697573184967,0.9492093920707703,-0.20870107412338257,-0.22272007167339325,-0.0729358121752739,0.808519184589386,-0.013674785383045673,-0.3137158155441284,-0.33978593349456787,0.5960163474082947,-0.20620356500148773,-0.3187241852283478,-0.28031304478645325,0.5023106336593628,-0.07564833015203476,-0.3409510552883148,-0.37951964139938354,0.5329715609550476,-0.20349134504795074,-0.3484167456626892,-0.3193624019622803,0.4693765640258789,-0.07032030075788498,-0.3912220001220703,-0.35354936122894287,0.5828619599342346,-0.20745323598384857,-0.3937278687953949,-0.33249226212501526,0.5038500428199768,-0.029998084530234337,-0.34208571910858154,-0.3317948579788208,0.554050624370575,-0.19865654408931732,-0.33848899602890015,-0.29351377487182617,0.49207091331481934,0.11168310791254044,-0.004203189630061388,-0.015897899866104126,0.235295370221138,-0.11093764007091522,-0.0034505960065871477,0.017185382544994354,0.23689556121826172,0.12516173720359802,-0.06022811308503151,-0.0754794254899025,0.06425147503614426,-0.13628345727920532,-0.04037705063819885,-0.06553970277309418,0.09312333166599274,0.13359205424785614,0.18374064564704895,0.22972285747528076,0.016738831996917725,-0.09079869091510773,0.3626095652580261,0.2098681777715683,0.034101538360118866,0.1335056573152542,0.19258558750152588,0.2542393207550049,0.00837925635278225,-0.07441110163927078,0.37737709283828735,0.2350684553384781,0.017205778509378433,0.15177591145038605,0.15097670257091522,0.030567951500415802,0.019660821184515953,-0.08797028660774231,0.39728236198425293,0.03001296892762184,0.031865932047367096,5,0.208,0.5931069850921631,0.6518739461898804,-2.613163587739109e-07,,0.5850368142127991,0.5931413173675537,0.008875032886862755,,0.5669302940368652,0.5579010844230652,0.006823859177529812,,0.5441396236419678,0.5499157905578613,0.002154378220438957,,0.5281702876091003,0.5657419562339783,-0.0030168613884598017,,0.559726357460022,0.5249854326248169,-0.0013819757150486112,,0.5297843217849731,0.5131351947784424,-0.007829030975699425,,0.5314702987670898,0.5312038660049438,-0.012353510595858097,,0.5390223264694214,0.5466124415397644,-0.014328321442008018,,0.55131596326828,0.5475841164588928,-0.009003241546452045,,0.5214110612869263,0.5297392010688782,-0.011706877499818802,,0.5252995491027832,0.5475581288337708,-0.01190964411944151,,0.5348125696182251,0.5641692280769348,-0.01241417694836855,,0.5429447889328003,0.5766562223434448,-0.01560232788324356,,0.5145917534828186,0.5576227307319641,-0.0160655714571476,,0.5199149250984192,0.5703718662261963,-0.0119757279753685,,0.5296765565872192,0.5834175944328308,-0.010075269266963005,,0.533915638923645,0.6087763905525208,-0.02117503248155117,,0.5091291666030884,0.5958600640296936,-0.018674230203032494,,0.5137876868247986,0.602393627166748,-0.011586271226406097,,0.5219589471817017,0.6106537580490112,-0.006732112728059292,,0.44261634349823,0.7016535997390747,-1.8064105233861483e-07,,0.46773388981819153,0.6562960147857666,0.001187798217870295,,0.48070523142814636,0.6144393682479858,-0.005636488553136587,,0.49525099992752075,0.5902794003486633,-0.015257637947797775,,0.5130189061164856,0.5807608366012573,-0.02335071749985218,,0.4476807713508606,0.5493696928024292,-0.004647096619009972,,0.49074500799179077,0.5356589555740356,-0.01581844687461853,,0.4906903803348541,0.5675262212753296,-0.023803431540727615,,0.4809861183166504,0.5811640620231628,-0.029768628999590874,,0.44541195034980774,0.5662088394165039,-0.013373920693993568,,0.4931240677833557,0.5496898889541626,-0.023076312616467476,,0.4913388192653656,0.5793460011482239,-0.02542252093553543,,0.4799611568450928,0.5945762991905212,-0.02779751643538475,,0.4476573169231415,0.5881088972091675,-0.02272139862179756,,0.4915982186794281,0.5723015666007996,-0.02894527092576027,,0.4900876581668854,0.5982388854026794,-0.024846212938427925,,0.4789469838142395,0.6130714416503906,-0.022958634421229362,,0.4535405933856964,0.6122156381607056,-0.032675035297870636,,0.48699405789375305,0.596367359161377,-0.03402456268668175,,0.48805513978004456,0.6145986914634705,-0.029215442016720772,,0.4805825650691986,0.6259096264839172,-0.02676166035234928,
-0.06905289739370346,-0.5815837383270264,-0.19706378877162933,0.9994065165519714,-0.05551525205373764,-0.6259419322013855,-0.19719648361206055,0.9990403652191162,-0.05620529502630234,-0.6255152821540833,-0.19922134280204773,0.9991706609725952,-0.05587022006511688,-0.6255875825881958,-0.19674308598041534,0.9990667104721069,-0.08827170729637146,-0.6267628073692322,-0.1885218471288681,0.9989168643951416,-0.08636362850666046,-0.6272358894348145,-0.18924930691719055,0.9989780187606812,-0.08707533031702042,-0.6261386871337891,-0.18511241674423218,0.9988096356391907,0.048631977289915085,-0.634975790977478,-0.13270063698291779,0.999230682849884,-0.08410131186246872,-0.6351563930511475,-0.07107734680175781,0.9987375140190125,-0.02766801416873932,-0.5605149865150452,-0.18024839460849762,0.9997435212135315,-0.06707937270402908,-0.5594098567962646,-0.16082067787647247,0.9996742010116577,0.18152660131454468,-0.43579450249671936,-0.08859193325042725,0.9995794296264648,-0.1275593787431717,-0.44909337162971497,0.009036615490913391,0.9994996190071106,0.14689651131629944,-0.20608800649642944,-0.1767326295375824,0.9537425637245178,-0.2080700844526291,-0.22140341997146606,-0.06194739788770676,0.8259130120277405,-0.009846244007349014,-0.3324027359485626,-0.31927385926246643,0.6359621286392212,-0.18542245030403137,-0.32267698645591736,-0.2723339796066284,0.5512053966522217,-0.06705154478549957,-0.3636418282985687,-0.3612266480922699,0.577406108379364,-0.1764977127313614,-0.35134631395339966,-0.30622398853302,0.5188538432121277,-0.05856994539499283,-0.4140903353691101,-0.33380842208862305,0.6223016381263733,-0.17706453800201416,-0.4001513123512268,-0.309045672416687,0.5498585104942322,-0.023334959521889687,-0.36236563324928284,-0.31194043159484863,0.5959013104438782,-0.17524145543575287,-0.3446090519428253,-0.2864195704460144,0.5385247468948364,0.11172153055667877,-0.0031507129315286875,-0.01638437993824482,0.24545592069625854,-0.11091165989637375,-0.0040384563617408276,0.017575925216078758,0.2470502406358719,0.12846723198890686,-0.055532705038785934,-0.08002421259880066,0.06150783970952034,-0.13395655155181885,-0.025865865871310234,-0.06474660336971283,0.08951092511415482,0.13225039839744568,0.1906958967447281,0.22965207695960999,0.015956692397594452,-0.08996311575174332,0.37274041771888733,0.216000497341156,0.03202187269926071,0.13229534029960632,0.20007187128067017,0.25355401635169983,0.008095485158264637,-0.07431084662675858,0.3890827000141144,0.24581287801265717,0.016378633677959442,0.15131250023841858,0.16554653644561768,0.03329446539282799,0.01860579289495945,-0.08965297788381577,0.4119488596916199,0.03955633193254471,0.029964573681354523,6,0.25,0.5946706533432007,0.6255006194114685,-1.6670236391291837e-07,,0.5880857706069946,0.5704291462898254,0.007835817523300648,,0.5713459849357605,0.5334210991859436,0.006686160806566477,,0.5518059134483337,0.525094211101532,0.002753450768068433,,0.5372560024261475,0.5370820760726929,-0.0017325422959402204,,0.5648265480995178,0.5050427317619324,0.001226170570589602,,0.5385466814041138,0.49324846267700195,-0.0070717595517635345,,0.5337689518928528,0.5176223516464233,-0.01287666242569685,,0.5376920700073242,0.5371971130371094,-0.015852440148591995,,0.5564882159233093,0.5209434628486633,-0.006705278996378183,,0.5295648574829102,0.5046371221542358,-0.01203083898872137,,0.5269893407821655,0.5283766984939575,-0.013408539816737175,,0.5324291586875916,0.5484876036643982,-0.014161921106278896,,0.5484256148338318,0.5441356897354126,-0.014304827898740768,,0.523463249206543,0.5243960022926331,-0.01792612485587597,,0.5224004983901978,0.5458314418792725,-0.01547224260866642,,0.5281762480735779,0.5643689036369324,-0.013796471059322357,,0.5409674048423767,0.5712549090385437,-0.02121814154088497,,0.5208672881126404,0.5628527998924255,-0.022807201370596886,,0.5203409194946289,0.5744691491127014,-0.019162746146321297,,0.5246179699897766,0.5843820571899414,-0.01611413061618805,,0.45432913303375244,0.6790266036987305,-2.0908848341605335e-07,,0.4814203679561615,0.6418916583061218,0.003174071665853262,,0.4949556887149811,0.6004759669303894,-0.0015460801078006625,,0.5081842541694641,0.5745843052864075,-0.009032368659973145,,0.5209890604019165,0.5592012405395508,-0.015324880369007587,,0.46971845626831055,0.5324469804763794,-0.006425510626286268,,0.5113376975059509,0.5282719135284424,-0.016735954210162163,,0.5116368532180786,0.5662195682525635,-0.02281898632645607,,0.5036727786064148,0.5833873748779297,-0.026760360226035118,,0.46538057923316956,0.5454573035240173,-0.014931595884263515,,0.5122179388999939,0.5433733463287354,-0.02455546334385872,,0.5108702778816223,0.5788645148277283,-0.02603394351899624,,0.5018665194511414,0.5963243842124939,-0.026861578226089478,,0.46570026874542236,0.5673767924308777,-0.023498907685279846,,0.5096826553344727,0.5619001984596252,-0.03180083632469177,,0.5092799067497253,0.5940430760383606,-0.027869585901498795,,0.5007948279380798,0.6130210757255554,-0.024549204856157303,,0.4698636531829834,0.5948825478553772,-0.032069697976112366,,0.4992263913154602,0.5750365257263184,-0.036497294902801514,,0.5110716819763184,0.5744066834449768,-0.033303551375865936,,0.518083930015564,0.5734502673149109,-0.030703909695148468,
-0.06675627827644348,-0.5814531445503235,-0.1953834444284439,0.9994442462921143,-0.05294744670391083,-0.6257476806640625,-0.1949317306280136,0.9991074800491333,-0.053643543273210526,-0.6253157258033752,-0.19689200818538666,0.999224841594696,-0.05334044620394707,-0.6253894567489624,-0.1943945437669754,0.9991322755813599,-0.08559902757406235,-0.6265289783477783,-0.18671639263629913,0.9989915490150452,-0.08368387073278427,-0.6269791722297668,-0.1875211000442505,0.9990429282188416,-0.08442271500825882,-0.6258776187896729,-0.18337517976760864,0.9988913536071777,0.05036439746618271,-0.6347699165344238,-0.12968239188194275,0.9992876052856445,-0.08236125856637955,-0.6349574327468872,-0.06971549242734909,0.9988308548927307,-0.025756321847438812,-0.5600510835647583,-0.17832833528518677,0.9997610449790955,-0.06522635370492935,-0.5589303374290466,-0.15935419499874115,0.9996961355209351,0.18181653320789337,-0.43518584966659546,-0.08720309287309647,0.9995986819267273,-0.12639708817005157,-0.4486788213253021,0.007856910116970539,0.9995312094688416,0.14535725116729736,-0.2062554955482483,-0.1746971607208252,0.9580435752868652,-0.2095474898815155,-0.22154687345027924,-0.06152423843741417,0.8423473834991455,-0.0011338405311107635,-0.3428274095058441,-0.3098176419734955,0.672100841999054,-0.18116874992847443,-0.33263105154037476,-0.26558536291122437,0.5956264138221741,-0.05580190569162369,-0.3753001093864441,-0.35092541575431824,0.6180132031440735,-0.170859232544899,-0.36097195744514465,-0.30013880133628845,0.5645928978919983,-0.050555285066366196,-0.42433980107307434,-0.32596397399902344,0.6583884358406067,-0.16890281438827515,-0.4094119668006897,-0.2997607886791229,0.5924293994903564,-0.014604897238314152,-0.372674822807312,-0.3035646677017212,0.6343571543693542,-0.1698608100414276,-0.3547084927558899,-0.28372177481651306,0.5818333625793457,0.1118210181593895,-0.0023401405196636915,-0.017348935827612877,0.26106011867523193,-0.1108996793627739,-0.004352375864982605,0.01837800443172455,0.26326820254325867,0.13390198349952698,-0.0659995824098587,-0.08981902152299881,0.05864540487527847,-0.1329689919948578,-0.047186776995658875,-0.0647885873913765,0.08519839495420456,0.13450615108013153,0.18709984421730042,0.22908730804920197,0.015178115107119083,-0.08445058763027191,0.3707708418369293,0.22670204937458038,0.029897646978497505,0.13495127856731415,0.19589579105377197,0.25307130813598633,0.00777123449370265,-0.06855164468288422,0.3883725702762604,0.2602170407772064,0.015511699952185154,0.151446133852005,0.15898998081684113,0.032319679856300354,0.01749701239168644,-0.08502523601055145,0.4079364240169525,0.052491847425699234,0.027930179610848427,7,0.291,0.5973919034004211,0.6043235063552856,-1.6067053820734145e-07,,0.5919688940048218,0.5540724992752075,0.005131085868924856,,0.5774576663970947,0.5169754028320312,0.0033352726604789495,,0.5577640533447266,0.5070324540138245,-0.0002012635814025998,,0.5426111817359924,0.5177963376045227,-0.004369435366243124,,0.5685623288154602,0.48397448658943176,-0.00634822528809309,,0.5330262780189514,0.4777999520301819,-0.01265636831521988,,0.5281646847724915,0.5005518794059753,-0.015588304959237576,,0.5326896905899048,0.5135461688041687,-0.016836103051900864,,0.5614010691642761,0.507510781288147,-0.012168374843895435,,0.5267356634140015,0.500637948513031,-0.016943056136369705,,0.5242463946342468,0.5217858552932739,-0.016735337674617767,,0.5297680497169495,0.5331404805183411,-0.016709038987755775,,0.554790735244751,0.5386524200439453,-0.01728067733347416,,0.5230214595794678,0.5278280973434448,-0.02145405299961567,,0.5210598111152649,0.5442914366722107,-0.01981506310403347,,0.5265704989433289,0.5539841651916504,-0.01871243119239807,,0.5488751530647278,0.5724068880081177,-0.021632539108395576,,0.5235045552253723,0.5561507940292358,-0.02530006133019924,,0.5091524124145508,0.5527653694152832,-0.025148501619696617,,0.49938905239105225,0.5493910312652588,-0.02480057068169117,,0.45745545625686646,0.6700788736343384,-1.372039832858718e-07,,0.4822004735469818,0.6312013268470764,0.00425332086160779,,0.49623432755470276,0.5866565704345703,0.001691240700893104,,0.5115014314651489,0.5581388473510742,-0.003317080205306411,,0.5253851413726807,0.5389876365661621,-0.007259312551468611,,0.47374311089515686,0.5221163034439087,-0.0017801116919144988,,0.5136744976043701,0.5262549519538879,-0.00983827281743288,,0.5160948038101196,0.5612103939056396,-0.01457628607749939,,0.50936359167099,0.5814247727394104,-0.01713273487985134,,0.46950703859329224,0.5340412855148315,-0.008646700531244278,,0.5151610970497131,0.5392780303955078,-0.017768356949090958,,0.5152056813240051,0.5760672688484192,-0.01908177323639393,,0.5081853270530701,0.6019335985183716,-0.018617410212755203,,0.4703589379787445,0.5541066527366638,-0.015450862236320972,,0.5123128890991211,0.5575639009475708,-0.022683115676045418,,0.5122493505477905,0.5906462073326111,-0.018910318613052368,,0.5063239336013794,0.6156518459320068,-0.0147778345271945,,0.47414013743400574,0.5808277130126953,-0.02216898277401924,,0.5015977621078491,0.5634087324142456,-0.02592608332633972,,0.5176823139190674,0.550075352191925,-0.023931490257382393,,0.5312525033950806,0.5394710898399353,-0.02167239785194397,
-0.06711910665035248,-0.5816394686698914,-0.19018544256687164,0.9994760751724243,-0.053029756993055344,-0.6259187459945679,-0.18937385082244873,0.9991653561592102,-0.05371999368071556,-0.6254844665527344,-0.19134050607681274,0.9992707967758179,-0.05341951176524162,-0.6255608201026917,-0.188834547996521,0.9991885423660278,-0.08576519042253494,-0.6267070174217224,-0.1812770664691925,0.9990558624267578,-0.08384591341018677,-0.627142071723938,-0.18207727372646332,0.999098002910614,-0.08458536118268967,-0.6260371804237366,-0.17792543768882751,0.9989611506462097,0.05015891417860985,-0.6345269680023193,-0.12401355803012848,0.9993378520011902,-0.08321388810873032,-0.6346791982650757,-0.06463345140218735,0.9989117383956909,-0.026434093713760376,-0.5600703954696655,-0.17324495315551758,0.9997761249542236,-0.06609486788511276,-0.5589538216590881,-0.15440237522125244,0.9997149109840393,0.18154776096343994,-0.43450915813446045,-0.08308667689561844,0.9996147751808167,-0.12795816361904144,-0.4485270380973816,0.011052848771214485,0.9995582699775696,0.14624257385730743,-0.20726600289344788,-0.1731492280960083,0.9619007706642151,-0.21100416779518127,-0.22340860962867737,-0.060253582894802094,0.8571054339408875,0.0037123493384569883,-0.34970971941947937,-0.3071844279766083,0.704619288444519,-0.1810464709997177,-0.3451728820800781,-0.26218709349632263,0.6356115341186523,-0.050368841737508774,-0.3834554851055145,-0.34830978512763977,0.654558539390564,-0.1709393411874771,-0.3756747245788574,-0.2966330945491791,0.60584956407547,-0.04640521481633186,-0.43218860030174255,-0.32491666078567505,0.6908618807792664,-0.1694701611995697,-0.4241545796394348,-0.2907140254974365,0.6308267712593079,-0.00991729274392128,-0.37952741980552673,-0.30175909399986267,0.6689480543136597,-0.16992877423763275,-0.36751073598861694,-0.2800959050655365,0.620861291885376,0.11191583424806595,-0.0016373107209801674,-0.017990902066230774,0.2774064540863037,-0.11088832467794418,-0.004703938961029053,0.01894339919090271,0.2806819975376129,0.13602864742279053,-0.06702283769845963,-0.0925118699669838,0.05639391392469406,-0.13230258226394653,-0.04688870534300804,-0.06471384316682816,0.0818525031208992,0.13496153056621552,0.18746858835220337,0.22858871519565582,0.014499425888061523,-0.08355782181024551,0.3746176064014435,0.2281988561153412,0.02812754549086094,0.13547874987125397,0.19629351794719696,0.25226351618766785,0.007495957892388105,-0.06823356449604034,0.3924913704395294,0.26256510615348816,0.014800360426306725,0.15164120495319366,0.1584012508392334,0.032286785542964935,0.016526374965906143,-0.08621574193239212,0.41068294644355774,0.05598512291908264,0.026209328323602676,8,0.333,0.5993648171424866,0.5957536697387695,-1.9188009048320964e-07,,0.5934041738510132,0.5453034043312073,0.006178935989737511,,0.5780042409896851,0.5076884627342224,0.004895114805549383,,0.5589900016784668,0.49417513608932495,0.001904170261695981,,0.5444490313529968,0.5010970830917358,-0.001130645745433867,,0.566852331161499,0.47296905517578125,-0.005662903189659119,,0.5310482978820801,0.47572213411331177,-0.010495412163436413,,0.5336449146270752,0.4953073561191559,-0.01154268067330122,,0.5419946312904358,0.5009760856628418,-0.011746302247047424,,0.560305118560791,0.4971083402633667,-0.012017276138067245,,0.5246365070343018,0.4993065297603607,-0.01598520204424858,,0.528426468372345,0.5176669955253601,-0.013946429826319218,,0.5373354554176331,0.5227408409118652,-0.012946168892085552,,0.5544009804725647,0.5285543203353882,-0.017523353919386864,,0.5200877785682678,0.5224955081939697,-0.0211773794144392,,0.5230770111083984,0.540057361125946,-0.017377668991684914,,0.5315078496932983,0.5466610789299011,-0.015028967522084713,,0.5498564839363098,0.5626653432846069,-0.022321833297610283,,0.5222926139831543,0.551204264163971,-0.02539038099348545,,0.5082440376281738,0.5485947132110596,-0.024298857897520065,,0.49781811237335205,0.5437234044075012,-0.023392027243971825,,0.44978973269462585,0.6641666293144226,-6.825112564001756e-08,,0.4731180667877197,0.6272487640380859,0.003929524682462215,,0.48474034667015076,0.5835061073303223,0.0010811829706653953,,0.49681949615478516,0.5562211871147156,-0.0040752338245511055,,0.5068168640136719,0.54408198595047,-0.007971600629389286,,0.4631287753582001,0.5196306705474854,-9.135265281656757e-05,,0.5044336915016174,0.5174693465232849,-0.008090227842330933,,0.5079079270362854,0.5443432927131653,-0.013714795000851154,,0.5016491413116455,0.5630814433097839,-0.01698247157037258,,0.461269736289978,0.5305582284927368,-0.006984734907746315,,0.5054382085800171,0.5292732119560242,-0.01305994763970375,,0.5078316926956177,0.557217001914978,-0.013728058896958828,,0.5016075372695923,0.5766420960426331,-0.014133763499557972,,0.46360543370246887,0.549152135848999,-0.0141398711130023,,0.5042691826820374,0.5470748543739319,-0.018477804958820343,,0.5062978863716125,0.5736765265464783,-0.014474138617515564,,0.500419020652771,0.593708872795105,-0.011392519809305668,,0.4689211845397949,0.5717155337333679,-0.021463746204972267,,0.4991895854473114,0.557378888130188,-0.02261614054441452,,0.5087459683418274,0.5621121525764465,-0.01856820099055767,,0.5121959447860718,0.5666943192481995,-0.015379982069134712,
-0.06700068712234497,-0.5820827484130859,-0.18927578628063202,0.9995073080062866,-0.05280797928571701,-0.6262447237968445,-0.18769308924674988,0.9992195963859558,-0.05349462479352951,-0.6258113384246826,-0.18964359164237976,0.9993137121200562,-0.053192973136901855,-0.6258887052536011,-0.1871485859155655,0.9992397427558899,-0.08563358336687088,-0.627059817314148,-0.1803928017616272,0.9991189241409302,-0.08370768278837204,-0.6274874210357666,-0.1811741590499878,0.9991542100906372,-0.08443984389305115,-0.626381516456604,-0.17704300582408905,0.9990310072898865,0.04999890178442001,-0.634333610534668,-0.1201687678694725,0.9993816614151001,-0.08410865068435669,-0.6344586610794067,-0.06458187848329544,0.9989902973175049,-0.02685491368174553,-0.5601924657821655,-0.17185913026332855,0.9997886419296265,-0.06663995236158371,-0.5591009855270386,-0.15413552522659302,0.9997316598892212,0.18019704520702362,-0.4337364435195923,-0.07798925042152405,0.9996193647384644,-0.12903819978237152,-0.44823768734931946,0.010746343061327934,0.9995769262313843,0.14580444991588593,-0.2089865654706955,-0.17035888135433197,0.9651896953582764,-0.21100632846355438,-0.22402286529541016,-0.060466647148132324,0.8700630068778992,0.004717795643955469,-0.3547952473163605,-0.30620238184928894,0.7337261438369751,-0.18045274913311005,-0.3496735095977783,-0.2600739002227783,0.6713996529579163,-0.04944789037108421,-0.3899759352207184,-0.3471050560474396,0.6867845058441162,-0.1700725257396698,-0.3830600380897522,-0.2973853349685669,0.6423214673995972,-0.04332505166530609,-0.43967607617378235,-0.3249590992927551,0.7194322347640991,-0.17077064514160156,-0.43101105093955994,-0.28924140334129333,0.6647425293922424,-0.008253920823335648,-0.3851105570793152,-0.30162179470062256,0.699249267578125,-0.17008334398269653,-0.37213754653930664,-0.273673415184021,0.6550760269165039,0.11194396764039993,-0.0015489031793549657,-0.017981436103582382,0.28676506876945496,-0.11087780445814133,-0.004795506596565247,0.01893679052591324,0.2904767096042633,0.13497798144817352,-0.06634767353534698,-0.09032106399536133,0.05514799430966377,-0.1320842206478119,-0.032341692596673965,-0.06485369056463242,0.07980252057313919,0.13497745990753174,0.18721584975719452,0.22793105244636536,0.014115305617451668,-0.084705650806427,0.377225786447525,0.22625647485256195,0.026709428057074547,0.13553521037101746,0.19590991735458374,0.2509702444076538,0.007354328874498606,-0.06915916502475739,0.3949851393699646,0.2606908977031708,0.014226960949599743,0.15244975686073303,0.15981616079807281,0.02949686162173748,0.015925873070955276,-0.08751519024372101,0.41494640707969666,0.05415685102343559,0.024916168302297592,9,0.375,0.598449170589447,0.5935363173484802,-2.2309366443096224e-07,,0.5937117338180542,0.5420051217079163,0.007500743493437767,,0.5771083831787109,0.5060007572174072,0.007109243422746658,,0.5552282929420471,0.494961142539978,0.005151955410838127,,0.5397127270698547,0.5066344738006592,0.003283929778262973,,0.5659608840942383,0.4695081412792206,-0.00640430673956871,,0.5279237031936646,0.47607895731925964,-0.009346160106360912,,0.5321460366249084,0.4966004490852356,-0.008248614147305489,,0.5406601428985596,0.5007311105728149,-0.007462336216121912,,0.5606018900871277,0.49229946732521057,-0.01290945801883936,,0.5224691033363342,0.498507022857666,-0.015388520434498787,,0.5278831124305725,0.5170369148254395,-0.011751162819564342,,0.5365309715270996,0.5212511420249939,-0.010222266428172588,,0.5550858378410339,0.5235207080841064,-0.01815090700984001,,0.5186942219734192,0.5205377340316772,-0.02007211372256279,,0.5244156122207642,0.5385484099388123,-0.014760156162083149,,0.5338680744171143,0.5445952415466309,-0.012216298840939999,,0.5504545569419861,0.558437168598175,-0.022616850212216377,,0.5231403112411499,0.5465689301490784,-0.02582661807537079,,0.5083866715431213,0.540422260761261,-0.02540537714958191,,0.49641692638397217,0.531813383102417,-0.025370720773935318,,0.44646939635276794,0.6590644717216492,-1.1245780484614443e-07,,0.46812185645103455,0.6156452894210815,0.0037231433670967817,,0.47889193892478943,0.5709256529808044,-0.0006767258746549487,,0.49225184321403503,0.5427401065826416,-0.007295571733266115,,0.5059697031974792,0.5262576341629028,-0.012386426329612732,,0.44973546266555786,0.510786235332489,-0.0050434391014277935,,0.49086374044418335,0.5069201588630676,-0.014149349182844162,,0.4948298931121826,0.5456496477127075,-0.019047832116484642,,0.4896276891231537,0.5669853687286377,-0.021937966346740723,,0.4465096592903137,0.5265405774116516,-0.01260916143655777,,0.49294379353523254,0.527576208114624,-0.021036531776189804,,0.4947207570075989,0.5641109347343445,-0.021093951538205147,,0.48804008960723877,0.5835245251655579,-0.020933235064148903,,0.4488365650177002,0.550123929977417,-0.020297877490520477,,0.49265947937965393,0.5468182563781738,-0.02642687037587166,,0.4942719042301178,0.5760634541511536,-0.021370094269514084,,0.4874516725540161,0.5945092439651489,-0.01761273667216301,,0.4550979435443878,0.5773583054542542,-0.028034385293722153,,0.4800505042076111,0.5530958771705627,-0.030989795923233032,,0.49165377020835876,0.5403038263320923,-0.02812907099723816,,0.49936264753341675,0.5289096832275391,-0.025958573445677757,
-0.06721410900354385,-0.5821503400802612,-0.18159809708595276,0.9995362758636475,-0.05296152085065842,-0.6263561844825745,-0.1793760359287262,0.9992709755897522,-0.053643036633729935,-0.6259219646453857,-0.18129444122314453,0.9993548393249512,-0.05334006994962692,-0.625999927520752,-0.1787923276424408,0.9992886185646057,-0.08588144928216934,-0.6271159648895264,-0.1725732386112213,0.9991774559020996,-0.08395199477672577,-0.627538800239563,-0.17337976396083832,0.9992059469223022,-0.08468087017536163,-0.626431941986084,-0.16924144327640533,0.9990949034690857,0.04942862316966057,-0.6341878771781921,-0.11083940416574478,0.9994238615036011,-0.08437343686819077,-0.6343192458152771,-0.05708465725183487,0.9990623593330383,-0.027214355766773224,-0.5602127313613892,-0.16393913328647614,0.9998010396957397,-0.06710579991340637,-0.5590953230857849,-0.1467686891555786,0.9997474551200867,0.17875581979751587,-0.4338146150112152,-0.06922389566898346,0.9996286630630493,-0.12979981303215027,-0.4468962848186493,0.016651617363095284,0.9995940923690796,0.14494125545024872,-0.21225304901599884,-0.16454191505908966,0.968177080154419,-0.2102147340774536,-0.22409728169441223,-0.059743400663137436,0.8818312287330627,0.0029760466422885656,-0.35243695974349976,-0.30121034383773804,0.7599354982376099,-0.16801296174526215,-0.3517630994319916,-0.2586410641670227,0.7036404609680176,-0.051791831851005554,-0.38539212942123413,-0.3411159813404083,0.7157301902770996,-0.1540844738483429,-0.3858673572540283,-0.2959434390068054,0.6751041412353516,-0.04269533231854439,-0.4337737262248993,-0.31977176666259766,0.745074987411499,-0.1566528081893921,-0.4351791739463806,-0.28408923745155334,0.695192813873291,-0.009390606544911861,-0.38179197907447815,-0.2973760664463043,0.7264498472213745,-0.15773431956768036,-0.37503793835639954,-0.2707960903644562,0.685722827911377,0.11198361217975616,-0.001545795239508152,-0.018055355176329613,0.2969582676887512,-0.11087078601121902,-0.004802313633263111,0.01900431513786316,0.3002137541770935,0.13407662510871887,-0.07023791968822479,-0.08956940472126007,0.05343180522322655,-0.1327780783176422,-0.030768008902668953,-0.06495606899261475,0.0770035907626152,0.13448476791381836,0.18007305264472961,0.2277587503194809,0.013608775101602077,-0.0874275490641594,0.37622952461242676,0.22579869627952576,0.02517891675233841,0.13510088622570038,0.18788029253482819,0.25066328048706055,0.007157820276916027,-0.07219742983579636,0.39374640583992004,0.2601628303527832,0.013593874871730804,0.15260250866413116,0.1507786512374878,0.028251690790057182,0.01522390078753233,-0.09001129865646362,0.4154212474822998,0.0541018545627594,0.023523444309830666,10,0.417,0.5990771651268005,0.5916886329650879,-2.1199718958087033e-07,,0.5931693911552429,0.5404509902000427,0.007118328008800745,,0.5768848061561584,0.5031855702400208,0.006426171865314245,,0.5566538572311401,0.49061328172683716,0.003984523005783558,,0.5415560603141785,0.4987909197807312,0.0014184231404215097,,0.5655189752578735,0.46714627742767334,-0.00532299280166626,,0.5279831886291504,0.47506412863731384,-0.008837390691041946,,0.531143307685852,0.4954749047756195,-0.008663664571940899,,0.5395116209983826,0.5006911754608154,-0.00818250048905611,,0.5601431131362915,0.49086135625839233,-0.011837214231491089,,0.5233426690101624,0.49804842472076416,-0.014612632803618908,,0.5279854536056519,0.516364574432373,-0.011978932656347752,,0.5363993644714355,0.5221179127693176,-0.010917827486991882,,0.5548999905586243,0.5222681760787964,-0.01724383980035782,,0.5205675363540649,0.521653950214386,-0.019873997196555138,,0.5245508551597595,0.5389629602432251,-0.015865638852119446,,0.5323851704597473,0.5459983944892883,-0.01383200939744711,,0.5505437850952148,0.5572631359100342,-0.02183513157069683,,0.522804319858551,0.5469754338264465,-0.02447773888707161,,0.5095027089118958,0.5455747246742249,-0.023216338828206062,,0.49872496724128723,0.5428145527839661,-0.022376855835318565,,0.4523363411426544,0.6590237617492676,-1.1195710669653636e-07,,0.47411343455314636,0.6186997890472412,0.000983947771601379,,0.4867282509803772,0.5735940337181091,-0.0034031812101602554,,0.49964654445648193,0.5466649532318115,-0.009140714071691036,,0.5109302997589111,0.5377838611602783,-0.013691035099327564,,0.46229735016822815,0.5043448805809021,-0.00319578661583364,,0.5056277513504028,0.5120731592178345,-0.01036909595131874,,0.5104864239692688,0.5429126024246216,-0.016394665464758873,,0.5062666535377502,0.5592846274375916,-0.021013859659433365,,0.4595634937286377,0.5184035301208496,-0.00870202574878931,,0.5045732259750366,0.528667151927948,-0.015494256280362606,,0.5050290822982788,0.5600074529647827,-0.01874663680791855,,0.49725037813186646,0.5758552551269531,-0.02138255350291729,,0.46218836307525635,0.5396237373352051,-0.014033511281013489,,0.5030539631843567,0.547557532787323,-0.019225014373660088,,0.5033102631568909,0.5756986737251282,-0.016795694828033447,,0.49587884545326233,0.5917713046073914,-0.015041922219097614,,0.46780532598495483,0.5647009611129761,-0.019552264362573624,,0.49754437804222107,0.5517767667770386,-0.02167803980410099,,0.5100155472755432,0.5497660040855408,-0.018279317766427994,,0.516857385635376,0.5456122159957886,-0.015596278011798859,
-0.06733477860689163,-0.5821482539176941,-0.18159537017345428,0.9995630979537964,-0.05305610969662666,-0.6262953877449036,-0.17964428663253784,0.9993165731430054,-0.053734853863716125,-0.625862181186676,-0.18147437274456024,0.9993916153907776,-0.05342618003487587,-0.6259382367134094,-0.1789933443069458,0.999332070350647,-0.08604919910430908,-0.6270233392715454,-0.17255899310112,0.9992296695709229,-0.08411948382854462,-0.627438485622406,-0.1734711080789566,0.9992527365684509,-0.08484378457069397,-0.6263315677642822,-0.16934534907341003,0.9991527199745178,0.0491880364716053,-0.6340799927711487,-0.11167606711387634,0.9994606375694275,-0.08485296368598938,-0.6341670751571655,-0.056574273854494095,0.9991284608840942,-0.02740483358502388,-0.5600764751434326,-0.16396988928318024,0.9998118877410889,-0.06738349050283432,-0.5588905215263367,-0.1464770883321762,0.9997618198394775,0.1782885491847992,-0.43382081389427185,-0.0712740495800972,0.9996376037597656,-0.1305336356163025,-0.44640249013900757,0.019359800964593887,0.9996141791343689,0.14633619785308838,-0.2121199518442154,-0.16528841853141785,0.9710537195205688,-0.21071943640708923,-0.22418740391731262,-0.05872033163905144,0.8927255868911743,0.004478055518120527,-0.34733670949935913,-0.30023834109306335,0.7836738228797913,-0.16940750181674957,-0.3460460305213928,-0.2575511634349823,0.732780933380127,-0.04970463737845421,-0.38010695576667786,-0.34062284231185913,0.7423463463783264,-0.1559099704027176,-0.37769272923469543,-0.29544663429260254,0.7048811316490173,-0.04210299253463745,-0.4298287034034729,-0.3205818235874176,0.7687174677848816,-0.15675979852676392,-0.427411824464798,-0.2834763824939728,0.72288978099823,-0.008161421865224838,-0.37733617424964905,-0.29707854986190796,0.75164794921875,-0.15859514474868774,-0.3693769872188568,-0.2702195346355438,0.7139201164245605,0.11197320371866226,-0.0015422831056639552,-0.018575496971607208,0.31216222047805786,-0.11085285991430283,-0.004772974643856287,0.019403181970119476,0.3165053725242615,0.13325446844100952,-0.06937555968761444,-0.08872617781162262,0.05085329711437225,-0.13492940366268158,-0.026418620720505714,-0.06208553910255432,0.07314392924308777,0.1335815042257309,0.18168073892593384,0.2231607735157013,0.012979906052350998,-0.09012393653392792,0.38028621673583984,0.22743605077266693,0.023555131629109383,0.13436749577522278,0.18867795169353485,0.24413609504699707,0.006883579771965742,-0.07551535964012146,0.39922383427619934,0.2609386742115021,0.012916230596601963,0.1496240496635437,0.15724532306194305,0.02696397714316845,0.014429999515414238,-0.09693232923746109,0.42664164304733276,0.056813258677721024,0.022050343453884125,11,0.458,0.6006258726119995,0.5904041528701782,-2.231946893971326e-07,,0.5936070084571838,0.5378001928329468,0.007879147306084633,,0.5775495767593384,0.5022608637809753,0.007257170509546995,,0.5572669506072998,0.49030694365501404,0.004751753062009811,,0.5420282483100891,0.4991479814052582,0.0018395321676507592,,0.5666108727455139,0.46794775128364563,-0.006741349119693041,,0.5292179584503174,0.47330763936042786,-0.010015386156737804,,0.5306028127670288,0.4964761734008789,-0.009230353869497776,,0.5378049612045288,0.5024429559707642,-0.008587784133851528,,0.5625497102737427,0.4911572337150574,-0.0139218270778656,,0.525469958782196,0.49700939655303955,-0.016304487362504005,,0.5284863710403442,0.5179594159126282,-0.012813772074878216,,0.5368719100952148,0.5237218737602234,-0.011411448940634727,,0.5584858059883118,0.5231137871742249,-0.019859807565808296,,0.5243997573852539,0.5223347544670105,-0.02219444140791893,,0.5266268253326416,0.54144686460495,-0.01773584820330143,,0.5340428948402405,0.5488079190254211,-0.015734823420643806,,0.5549750924110413,0.558228611946106,-0.024899963289499283,,0.5278143286705017,0.5466591119766235,-0.028354715555906296,,0.5152941942214966,0.5479347109794617,-0.027292026206851006,,0.5062129497528076,0.5478658676147461,-0.026608185842633247,,0.45952391624450684,0.6612806916236877,-1.36786226789809e-07,,0.4821280539035797,0.6212798953056335,0.0050364648923277855,,0.4961612820625305,0.5757840871810913,0.002971875248476863,,0.5122251510620117,0.5492725968360901,-0.0014742553466930985,,0.5270636081695557,0.5349213480949402,-0.005214792676270008,,0.47670140862464905,0.511314868927002,-9.278069774154574e-05,,0.5156170129776001,0.5201809406280518,-0.006671237293630838,,0.5191541910171509,0.5513736605644226,-0.011488357558846474,,0.5142227411270142,0.5700919032096863,-0.014723596163094044,,0.47316426038742065,0.524512529373169,-0.0072589595802128315,,0.5167544484138489,0.5347501635551453,-0.014822247438132763,,0.5172554850578308,0.5665278434753418,-0.017386239022016525,,0.510999858379364,0.5890178084373474,-0.01853206194937229,,0.47404205799102783,0.5450839996337891,-0.014128157868981361,,0.514204204082489,0.5541518926620483,-0.020262397825717926,,0.5146386623382568,0.5826351046562195,-0.01828804984688759,,0.5091445446014404,0.6033251881599426,-0.016069786623120308,,0.4772983193397522,0.5712385177612305,-0.020751694217324257,,0.506372332572937,0.556469738483429,-0.023879166692495346,,0.5225489735603333,0.5452580451965332,-0.02194591797888279,,0.535515546798706,0.5353463888168335,-0.020093312487006187,
-0.06749431788921356,-0.5834757685661316,-0.18502019345760345,0.9995889067649841,-0.053148943930864334,-0.6273486018180847,-0.18326681852340698,0.9993586540222168,-0.053824469447135925,-0.6269158124923706,-0.1851285994052887,0.9994254112243652,-0.05351811274886131,-0.6269874572753906,-0.18268541991710663,0.9993718266487122,-0.08619669824838638,-0.6281276345252991,-0.17600996792316437,0.9992787837982178,-0.0842636227607727,-0.6285338997840881,-0.17683714628219604,0.9992976784706116,-0.08498741686344147,-0.6274283528327942,-0.17271104454994202,0.9992077946662903,0.049062442034482956,-0.6341584920883179,-0.11517983675003052,0.9994931221008301,-0.08526682108640671,-0.6342291831970215,-0.05905015394091606,0.999189019203186,-0.02763366512954235,-0.5607558488845825,-0.16721194982528687,0.9998220205307007,-0.06765665858983994,-0.5596083402633667,-0.14946715533733368,0.9997755885124207,0.1780015230178833,-0.4335266053676605,-0.0742911770939827,0.9996415972709656,-0.1309366375207901,-0.44633743166923523,0.017517002299427986,0.9996311068534851,0.14697277545928955,-0.21157698333263397,-0.16733989119529724,0.973630964756012,-0.212263286113739,-0.22424553334712982,-0.06305085867643356,0.9025748372077942,0.004742451943457127,-0.34668484330177307,-0.3017653524875641,0.8050405979156494,-0.1710488200187683,-0.3432289958000183,-0.2600877285003662,0.7590500116348267,-0.04916738346219063,-0.3797685205936432,-0.34168872237205505,0.7664030194282532,-0.15902860462665558,-0.3732139766216278,-0.30024799704551697,0.7319926619529724,-0.036485448479652405,-0.4293157160282135,-0.322170227766037,0.7901092171669006,-0.15982387959957123,-0.42179641127586365,-0.2854507565498352,0.7481468319892883,-0.006183467339724302,-0.37669169902801514,-0.2989819049835205,0.7744410037994385,-0.16061420738697052,-0.36580920219421387,-0.2676942050457001,0.7396242022514343,0.11198580265045166,-0.0014606642071157694,-0.01853839121758938,0.32048407196998596,-0.11084511131048203,-0.004809361882507801,0.01934881880879402,0.3263234794139862,0.1326003074645996,-0.06864205002784729,-0.08820325881242752,0.04936954751610756,-0.13568387925624847,-0.023166798055171967,-0.06223104149103165,0.07119260728359222,0.1324291080236435,0.1849101334810257,0.2227138876914978,0.012583965435624123,-0.09199753403663635,0.38229799270629883,0.22681285440921783,0.02240648865699768,0.13314250111579895,0.19205208122730255,0.24347037076950073,0.006706892047077417,-0.07769308984279633,0.4016287624835968,0.26054856181144714,0.012386912479996681,0.14887116849422455,0.16162516176700592,0.026934411376714706,0.013855968602001667,-0.09853982925415039,0.42909207940101624,0.056316718459129333,0.02095349133014679,12,0.5,0.6034390330314636,0.5909997224807739,-2.2009794520272408e-07,,0.5968907475471497,0.539042592048645,0.006388564128428698,,0.5802876949310303,0.5028348565101624,0.0051375445909798145,,0.5593385100364685,0.490951806306839,0.002301121363416314,,0.5442164540290833,0.50128173828125,-0.000530838209670037,,0.5694076418876648,0.46741020679473877,-0.0074690161272883415,,0.5306097865104675,0.4741078019142151,-0.011404456570744514,,0.5333831310272217,0.4968297779560089,-0.010721351951360703,,0.5416102409362793,0.5018282532691956,-0.010020678862929344,,0.5650711059570312,0.49082157015800476,-0.013954471796751022,,0.5266847610473633,0.4987297058105469,-0.017333542928099632,,0.5314207077026367,0.519306480884552,-0.013783102855086327,,0.5407319068908691,0.5235196352005005,-0.012096487917006016,,0.5605376958847046,0.5231315493583679,-0.019415169954299927,,0.5254022479057312,0.523618757724762,-0.022501450031995773,,0.5297362804412842,0.5423328280448914,-0.01770590804517269,,0.5385847687721252,0.5483286380767822,-0.01520854514092207,,0.5566209554672241,0.558563768863678,-0.02419949881732464,,0.5301061868667603,0.5498881936073303,-0.028182849287986755,,0.518001139163971,0.550776481628418,-0.027544807642698288,,0.5088998675346375,0.5494166612625122,-0.02703952230513096,,0.4570921063423157,0.6631284952163696,-1.2813684691082017e-07,,0.4760896563529968,0.6245060563087463,0.004880765452980995,,0.4877367615699768,0.5782825946807861,0.00227920338511467,,0.500495195388794,0.5492652654647827,-0.0027073966339230537,,0.5101896524429321,0.5374526977539062,-0.006734928116202354,,0.4732770323753357,0.5176165699958801,-0.0011446144198998809,,0.5133442878723145,0.5209806561470032,-0.00967924203723669,,0.5144547820091248,0.5511958003044128,-0.015506305731832981,,0.506007730960846,0.5705071091651917,-0.018748586997389793,,0.47126585245132446,0.5295258164405823,-0.008603714406490326,,0.5146929621696472,0.536393940448761,-0.0159444697201252,,0.5152921676635742,0.5674194097518921,-0.017588771879673004,,0.5074871778488159,0.587630033493042,-0.018351273611187935,,0.47308215498924255,0.5496463775634766,-0.01606857404112816,,0.5140908360481262,0.5544395446777344,-0.021914279088377953,,0.5146722793579102,0.5825457572937012,-0.019147712737321854,,0.5074678659439087,0.6023983955383301,-0.0166788212954998,,0.47725817561149597,0.5748914480209351,-0.023440338671207428,,0.5045731067657471,0.5598104000091553,-0.025846567004919052,,0.5168626308441162,0.5542092323303223,-0.023202478885650635,,0.525017499923706,0.5504903793334961,-0.021019980311393738,
-0.06810393929481506,-0.5862114429473877,-0.18443603813648224,0.9995995759963989,-0.053397100418806076,-0.6295220255851746,-0.18304547667503357,0.9993796348571777,-0.05407100170850754,-0.6290974617004395,-0.1849009245634079,0.9994394779205322,-0.05377393588423729,-0.6291773319244385,-0.18244720995426178,0.9993926882743835,-0.08630172908306122,-0.6303719282150269,-0.17504552006721497,0.999302327632904,-0.08436944335699081,-0.6307781934738159,-0.17591045796871185,0.9993153810501099,-0.08509805053472519,-0.6296752095222473,-0.1717906892299652,0.9992349743843079,0.048945166170597076,-0.6346607208251953,-0.1166105717420578,0.9995107054710388,-0.08513285964727402,-0.6348337531089783,-0.05773158743977547,0.9992207884788513,-0.027987515553832054,-0.5625988245010376,-0.1674012541770935,0.9998247027397156,-0.06776344776153564,-0.5615372657775879,-0.1487613022327423,0.999779462814331,0.1779131293296814,-0.4335097372531891,-0.07642549276351929,0.9996392130851746,-0.13065271079540253,-0.44654586911201477,0.01884319633245468,0.9996392726898193,0.14616136252880096,-0.21045149862766266,-0.16907307505607605,0.9759507775306702,-0.21345087885856628,-0.22494526207447052,-0.056302260607481,0.911109447479248,0.005176605191081762,-0.34417054057121277,-0.3026694357395172,0.8242718577384949,-0.18499521911144257,-0.3405125141143799,-0.2522669732570648,0.7825605273246765,-0.0482197068631649,-0.37711772322654724,-0.34301498532295227,0.7880992889404297,-0.177031010389328,-0.3694187104701996,-0.2938426434993744,0.7559239268302917,-0.036063436418771744,-0.4270849823951721,-0.32389917969703674,0.8094068169593811,-0.17686696350574493,-0.4172428846359253,-0.27824684977531433,0.7704321146011353,-0.005858111195266247,-0.37421607971191406,-0.3001050055027008,0.7950104475021362,-0.1749291718006134,-0.3624923825263977,-0.25772973895072937,0.7623828649520874,0.11182892322540283,-0.0012901743175461888,-0.019035300239920616,0.33178776502609253,-0.11062344908714294,-0.004878933075815439,0.019780464470386505,0.3381904661655426,0.13219250738620758,-0.06375354528427124,-0.08863092958927155,0.047359634190797806,-0.13547804951667786,-0.021054772660136223,-0.061201032251119614,0.06839644908905029,0.1324436068534851,0.19433656334877014,0.21706844866275787,0.012104252353310585,-0.09142686426639557,0.38933831453323364,0.22603440284729004,0.02120894566178322,0.1331702023744583,0.20260976254940033,0.23716895282268524,0.0065026977099478245,-0.07743071019649506,0.40929803252220154,0.2590375542640686,0.011901444755494595,0.14814092218875885,0.17342951893806458,0.02520553022623062,0.01322685182094574,-0.09871179610490799,0.4342649579048157,0.05622785910964012,0.01984410546720028,13,0.542,0.6038777828216553,0.5952107310295105,-2.4140987875398423e-07,,0.5970261096954346,0.5419510006904602,0.006388958543539047,,0.5788301825523376,0.5050190687179565,0.005820021964609623,,0.5562301278114319,0.4936944246292114,0.0038958576042205095,,0.5413001775741577,0.5028720498085022,0.0022527663968503475,,0.5681288838386536,0.47232770919799805,-0.007094390224665403,,0.5285910367965698,0.4824922978878021,-0.010355470702052116,,0.5314854979515076,0.5048539042472839,-0.00831306166946888,,0.5399630665779114,0.5108337998390198,-0.006568945944309235,,0.5637709498405457,0.4962832033634186,-0.012919208034873009,,0.5243168473243713,0.5076386332511902,-0.01610974781215191,,0.5300282835960388,0.5274071097373962,-0.011989889666438103,,0.5386245250701904,0.5307684540748596,-0.009973994456231594,,0.559593677520752,0.5282928347587585,-0.01768367923796177,,0.5231854915618896,0.5307785272598267,-0.02070735953748226,,0.5297812223434448,0.547986626625061,-0.015766529366374016,,0.5392493605613708,0.5523656010627747,-0.013325991109013557,,0.5563021302223206,0.5631681084632874,-0.02172248251736164,,0.5292009711265564,0.5545909404754639,-0.026319481432437897,,0.5143733024597168,0.5502997040748596,-0.026919467374682426,,0.5017106533050537,0.5435328483581543,-0.027486007660627365,,0.44613775610923767,0.6734203100204468,-1.312479867010552e-07,,0.4705119729042053,0.6308078169822693,0.0038598536048084497,,0.4817635416984558,0.5834733843803406,0.0005374617176130414,,0.49419087171554565,0.5534696578979492,-0.004573499318212271,,0.5063570141792297,0.5352144241333008,-0.008336849510669708,,0.4495575428009033,0.5217652320861816,-0.008000707253813744,,0.48945513367652893,0.5216963291168213,-0.016589529812335968,,0.493642657995224,0.563332200050354,-0.020364010706543922,,0.4885593056678772,0.5840990543365479,-0.023092448711395264,,0.4459473788738251,0.53996342420578,-0.015372452326118946,,0.49204227328300476,0.5406602025032043,-0.025013986974954605,,0.49370649456977844,0.5793372392654419,-0.02384474128484726,,0.4871162176132202,0.599372923374176,-0.02277296781539917,,0.44759681820869446,0.567817747592926,-0.022814400494098663,,0.49095869064331055,0.562205970287323,-0.03028704784810543,,0.4923868477344513,0.5925281643867493,-0.02491302601993084,,0.485691636800766,0.6113223433494568,-0.021054867655038834,,0.4530985951423645,0.5995007157325745,-0.030201684683561325,,0.4790049195289612,0.5754042863845825,-0.03650371730327606,,0.49024757742881775,0.5551533102989197,-0.03694446384906769,,0.49766066670417786,0.5335286855697632,-0.037311866879463196,
-0.06830715388059616,-0.588009774684906,-0.1863853931427002,0.9996194839477539,-0.053468938916921616,-0.6308802366256714,-0.18496567010879517,0.9994122982025146,-0.054141003638505936,-0.6304572224617004,-0.1868269294500351,0.9994653463363647,-0.053843915462493896,-0.6305310726165771,-0.18437667191028595,0.999423086643219,-0.08640545606613159,-0.6318396329879761,-0.17702871561050415,0.9993413090705872,-0.08447171747684479,-0.6322466135025024,-0.1778830736875534,0.9993510246276855,-0.08519960939884186,-0.6311480402946472,-0.17376543581485748,0.9992788434028625,0.04885031655430794,-0.6348357200622559,-0.11824724823236465,0.9995362758636475,-0.08537253737449646,-0.6352342963218689,-0.059605371206998825,0.9992688298225403,-0.028347061946988106,-0.5638334155082703,-0.16921454668045044,0.9998316168785095,-0.06810136884450912,-0.5628759264945984,-0.15067507326602936,0.9997894763946533,0.17739929258823395,-0.43344566226005554,-0.07737882435321808,0.9996384978294373,-0.1311427354812622,-0.44660139083862305,0.01736190915107727,0.9996502995491028,0.14513814449310303,-0.21042943000793457,-0.17185154557228088,0.9779760837554932,-0.21436956524848938,-0.22506019473075867,-0.05640984699130058,0.9187179207801819,0.0026606630999594927,-0.3443757891654968,-0.3042541742324829,0.8415077328681946,-0.1866544783115387,-0.3397950828075409,-0.2527088522911072,0.8036699891090393,-0.051324304193258286,-0.37738245725631714,-0.34431055188179016,0.8072893023490906,-0.17835289239883423,-0.36943554878234863,-0.2945033311843872,0.7773282527923584,-0.03853132948279381,-0.4275389611721039,-0.3256087601184845,0.8264417052268982,-0.17849847674369812,-0.4167824685573578,-0.2784816026687622,0.7903644442558289,-0.00839390978217125,-0.3744954466819763,-0.3019811809062958,0.8130955696105957,-0.1766570657491684,-0.36159589886665344,-0.25730615854263306,0.7825658917427063,0.11183235049247742,-0.0012801914708688855,-0.019317088648676872,0.3389896750450134,-0.11061298102140427,-0.004890524782240391,0.020061982795596123,0.3471001386642456,0.13190758228302002,-0.06294858455657959,-0.08836062997579575,0.04629354923963547,-0.13595564663410187,-0.018689990043640137,-0.0596473403275013,0.06670123338699341,0.13203245401382446,0.19346995651721954,0.21731899678707123,0.011776270344853401,-0.09381011128425598,0.3895765244960785,0.22633443772792816,0.020280160009860992,0.1326705366373062,0.20172366499900818,0.2375478297472,0.006362071726471186,-0.08043401688337326,0.4094230830669403,0.2592240571975708,0.01151985116302967,0.1466340273618698,0.17299272119998932,0.025519201532006264,0.012787528336048126,-0.10500214993953705,0.4351545572280884,0.05701921880245209,0.019013438373804092,14,0.583,0.6032188534736633,0.5973397493362427,-2.390695783560659e-07,,0.5958871245384216,0.5436820983886719,0.006358564831316471,,0.5780422687530518,0.5062032341957092,0.005303672514855862,,0.5553627610206604,0.4945269227027893,0.002799657406285405,,0.5409613251686096,0.5034285187721252,0.0005088934558443725,,0.5666228532791138,0.47469791769981384,-0.007561307866126299,,0.527161180973053,0.4877254366874695,-0.011200584471225739,,0.5297848582267761,0.5108380317687988,-0.009572249837219715,,0.5378853678703308,0.5165232419967651,-0.008111214265227318,,0.5624406933784485,0.498783141374588,-0.01373524684458971,,0.5232700109481812,0.5130609273910522,-0.017098212614655495,,0.5289357304573059,0.5329306125640869,-0.013151091523468494,,0.537716269493103,0.536231279373169,-0.011308019049465656,,0.5586653351783752,0.5309990048408508,-0.018818296492099762,,0.5224192142486572,0.5363266468048096,-0.021758997812867165,,0.529055655002594,0.5536370873451233,-0.016693392768502235,,0.5387781262397766,0.5576871633529663,-0.014247892424464226,,0.5560657978057861,0.5660468339920044,-0.023227840662002563,,0.52907395362854,0.559647262096405,-0.02730989083647728,,0.5145261287689209,0.5575175285339355,-0.027345169335603714,,0.5022855401039124,0.5527980923652649,-0.027580050751566887,,0.4410816431045532,0.6769629120826721,-1.5373584005828889e-07,,0.46043989062309265,0.6346304416656494,0.002759859198704362,,0.47305381298065186,0.5872252583503723,-0.0014717511367052794,,0.48932623863220215,0.5585203766822815,-0.007211877498775721,,0.5033352971076965,0.5464274883270264,-0.01181431021541357,,0.44789600372314453,0.528001606464386,-0.007022044155746698,,0.4903228282928467,0.5304825305938721,-0.01583906263113022,,0.49370327591896057,0.5675478577613831,-0.021235911175608635,,0.48714977502822876,0.5867839455604553,-0.024985529482364655,,0.44625526666641235,0.5453619360923767,-0.0138591593131423,,0.49153438210487366,0.5475075244903564,-0.022100456058979034,,0.49246639013290405,0.5806758999824524,-0.022936927154660225,,0.484151691198349,0.5980126261711121,-0.02369280345737934,,0.4489400088787079,0.5705155730247498,-0.0205689650028944,,0.4903465211391449,0.56719970703125,-0.02668312005698681,,0.4918918013572693,0.5937274694442749,-0.02288677915930748,,0.4843255579471588,0.6091465353965759,-0.020408865064382553,,0.4546288847923279,0.5998548865318298,-0.027247248217463493,,0.4809499979019165,0.5802538394927979,-0.030445799231529236,,0.4890427589416504,0.5705093145370483,-0.02798214554786682,,0.4922497570514679,0.5589399337768555,-0.026333119720220566,
-0.06778008490800858,-0.5884650349617004,-0.18669331073760986,0.9996404051780701,-0.052586380392313004,-0.6311561465263367,-0.18562571704387665,0.9994457364082336,-0.05325612425804138,-0.6307334303855896,-0.18749848008155823,0.9994926452636719,-0.05296342819929123,-0.6308003664016724,-0.18505898118019104,0.999454140663147,-0.08579158037900925,-0.632172703742981,-0.17740154266357422,0.9993810653686523,-0.08385074883699417,-0.6325775384902954,-0.17821839451789856,0.9993882179260254,-0.08457794040441513,-0.631477952003479,-0.17410582304000854,0.9993232488632202,0.04917379096150398,-0.6348072290420532,-0.11932022869586945,0.9995614886283875,-0.0855618268251419,-0.63521808385849,-0.06000342220067978,0.999317467212677,-0.02824315056204796,-0.5640824437141418,-0.16974253952503204,0.9998394250869751,-0.06819136440753937,-0.5631744861602783,-0.15114082396030426,0.999800443649292,0.17728804051876068,-0.432983934879303,-0.07846513390541077,0.9996386766433716,-0.13242307305335999,-0.4465978443622589,0.01702231727540493,0.9996613264083862,0.14609669148921967,-0.20992928743362427,-0.1724233478307724,0.9798030257225037,-0.21471986174583435,-0.2252170741558075,-0.06108666956424713,0.9258416891098022,0.004524631891399622,-0.3416692912578583,-0.3076423406600952,0.8570354580879211,-0.18596288561820984,-0.338762491941452,-0.2587845027446747,0.822761058807373,-0.04967547580599785,-0.37358376383781433,-0.34781575202941895,0.8245972394943237,-0.17653095722198486,-0.36848169565200806,-0.301410436630249,0.7968658208847046,-0.0362711101770401,-0.4234207570552826,-0.3302191495895386,0.8418107032775879,-0.17675741016864777,-0.41557008028030396,-0.284358948469162,0.8085741996765137,-0.006291779689490795,-0.37140852212905884,-0.30598875880241394,0.8294399380683899,-0.17578686773777008,-0.36041510105133057,-0.2615242600440979,0.8010331988334656,0.11194276809692383,-0.0012732840841636062,-0.019201083108782768,0.3434159755706787,-0.11068738996982574,-0.004899308551102877,0.019945291802287102,0.35223227739334106,0.13160938024520874,-0.06295451521873474,-0.08812101185321808,0.044926658272743225,-0.13758394122123718,-0.017555516213178635,-0.06000105291604996,0.06450248509645462,0.13143892586231232,0.19211030006408691,0.2171979695558548,0.011422992683947086,-0.0973043143749237,0.3890566825866699,0.22610445320606232,0.01924026943743229,0.13201117515563965,0.20023168623447418,0.23748372495174408,0.006223586853593588,-0.08417003601789474,0.4085051417350769,0.25889337062835693,0.011046584695577621,0.14646627008914948,0.17112551629543304,0.024289114400744438,0.012321267277002335,-0.10720352828502655,0.43511849641799927,0.05532252788543701,0.018067926168441772,15,0.625,0.6036155223846436,0.5967598557472229,-2.067578890319055e-07,,0.5951350927352905,0.545606255531311,0.004886473063379526,,0.5768436789512634,0.509128212928772,0.0027840612456202507,,0.5543436408042908,0.4981527328491211,-0.0005734988953918219,,0.5395830869674683,0.5073431730270386,-0.0037866919301450253,,0.5659065246582031,0.4766319990158081,-0.008210995234549046,,0.5270459055900574,0.49084585905075073,-0.013023997657001019,,0.5308474898338318,0.5117096900939941,-0.01331975869834423,,0.5390461087226868,0.5154606699943542,-0.012995737604796886,,0.5619167685508728,0.5018945336341858,-0.013864109292626381,,0.5244438648223877,0.5163087844848633,-0.01775956340134144,,0.5298411250114441,0.5325330495834351,-0.015363533981144428,,0.5379769206047058,0.5354447960853577,-0.014462831430137157,,0.5584370493888855,0.5341382622718811,-0.01858982816338539,,0.5241328477859497,0.5394810438156128,-0.021900204941630363,,0.5286883115768433,0.5536490678787231,-0.018071455880999565,,0.5364817380905151,0.5574844479560852,-0.016136011108756065,,0.5559134483337402,0.5690271854400635,-0.02271920256316662,,0.5286132097244263,0.5641775131225586,-0.02569427341222763,,0.5155658721923828,0.564216136932373,-0.02476467937231064,,0.5046008229255676,0.5627215504646301,-0.024191832169890404,,0.4489224851131439,0.6795579195022583,-1.2233043378273578e-07,,0.46692371368408203,0.640680730342865,0.0033236038871109486,,0.47968512773513794,0.5950500965118408,-0.0001367103395750746,,0.4958345293998718,0.5704640746116638,-0.005460221786051989,,0.5098234415054321,0.5634241700172424,-0.010223130695521832,,0.46227705478668213,0.5349745154380798,-0.0046560512855648994,,0.5001295208930969,0.5341115593910217,-0.010944565758109093,,0.5059696435928345,0.5636587738990784,-0.015557270497083664,,0.5036428570747375,0.5819205045700073,-0.018807191401720047,,0.4597649574279785,0.5515235066413879,-0.01093482505530119,,0.4999653697013855,0.557780921459198,-0.01652669720351696,,0.5014505982398987,0.5860361456871033,-0.018827902153134346,,0.4942796230316162,0.6005501747131348,-0.0210555549710989,,0.46197324991226196,0.5749303698539734,-0.01664239726960659,,0.4994365870952606,0.5752149820327759,-0.021147996187210083,,0.5002464056015015,0.6004554033279419,-0.018490353599190712,,0.4932903051376343,0.6151237487792969,-0.016803523525595665,,0.46664702892303467,0.6010245084762573,-0.022149544209241867,,0.49256840348243713,0.5799757242202759,-0.02381460927426815,,0.5040491223335266,0.5696494579315186,-0.020264944061636925,,0.5108902454376221,0.5585786700248718,-0.017771510407328606,
-0.0678127259016037,-0.5893387794494629,-0.18780000507831573,0.9996527433395386,-0.052567459642887115,-0.6319759488105774,-0.18665671348571777,0.9994664192199707,-0.05323490872979164,-0.6315588355064392,-0.1885320395231247,0.9995076656341553,-0.052943333983421326,-0.6316264271736145,-0.18609023094177246,0.9994729161262512,-0.08576188236474991,-0.632943332195282,-0.1785409152507782,0.9994064569473267,-0.08381783217191696,-0.6333598494529724,-0.17935769259929657,0.9994110465049744,-0.08454504609107971,-0.6322644352912903,-0.1752447783946991,0.9993532299995422,0.0492120087146759,-0.6352704167366028,-0.12005237489938736,0.9995763897895813,-0.08550029993057251,-0.6355304718017578,-0.06107771024107933,0.9993517398834229,-0.028332049027085304,-0.5649036169052124,-0.17069797217845917,0.9998433589935303,-0.06829462945461273,-0.5638917684555054,-0.15218165516853333,0.9998068809509277,0.1772465705871582,-0.4330466389656067,-0.07912975549697876,0.9996379613876343,-0.13268138468265533,-0.4467318654060364,0.015956832095980644,0.9996708035469055,0.14684085547924042,-0.20978602766990662,-0.17341622710227966,0.9814652800559998,-0.21697132289409637,-0.22515350580215454,-0.06039435416460037,0.9320334196090698,0.004990593995898962,-0.33989468216896057,-0.3112015426158905,0.8710188865661621,-0.18918411433696747,-0.3358666002750397,-0.25948846340179443,0.8398205637931824,-0.04917694255709648,-0.37109431624412537,-0.3524678945541382,0.840316891670227,-0.17993727326393127,-0.36566150188446045,-0.3029725253582001,0.8141744136810303,-0.036310095340013504,-0.42133402824401855,-0.33706969022750854,0.8558120727539062,-0.17969490587711334,-0.41473063826560974,-0.28657785058021545,0.8247826099395752,-0.00604974664747715,-0.3694361746311188,-0.31063368916511536,0.8442766666412354,-0.17882893979549408,-0.35823768377304077,-0.26199859380722046,0.8174071311950684,0.11182311922311783,-0.001275346614420414,-0.019260751083493233,0.34955453872680664,-0.11057384312152863,-0.004905648063868284,0.02000468410551548,0.3591367304325104,0.12949851155281067,-0.05743253231048584,-0.08776674419641495,0.04376804083585739,-0.13800214231014252,0.003199139842763543,-0.05780252069234848,0.06303324550390244,0.12799979746341705,0.194623202085495,0.2172682136297226,0.011129001155495644,-0.10210897028446198,0.3960505425930023,0.22583992779254913,0.018498795107007027,0.12831155955791473,0.20297934114933014,0.23761607706546783,0.006152009591460228,-0.08989225327968597,0.41521549224853516,0.25814294815063477,0.010787715204060078,0.14286361634731293,0.1756829172372818,0.025965699926018715,0.011978528462350368,-0.1151118278503418,0.4449640214443207,0.055446021258831024,0.017458287999033928,16,0.667,0.6045440435409546,0.6006070375442505,-2.1716009257488622e-07,,0.5966436862945557,0.5506719946861267,0.003768285969272256,,0.5783724188804626,0.5144376158714294,0.0015854870434850454,,0.5559102296829224,0.5033897757530212,-0.0015616959426552057,,0.5404932498931885,0.5120282173156738,-0.0044493889436125755,,0.567192018032074,0.47911423444747925,-0.010027769021689892,,0.528305172920227,0.49135687947273254,-0.014520981349050999,,0.5320169925689697,0.5130856037139893,-0.014188099652528763,,0.5401760935783386,0.517982006072998,-0.013612719252705574,,0.5636880993843079,0.5046746134757996,-0.015105224214494228,,0.5265675783157349,0.5181936621665955,-0.01915818080306053,,0.5320466160774231,0.5363269448280334,-0.01660453900694847,,0.5402767062187195,0.5400875210762024,-0.015690196305513382,,0.5602500438690186,0.5379027724266052,-0.01924663782119751,,0.5258995890617371,0.5419931411743164,-0.023320946842432022,,0.5305191874504089,0.5591340661048889,-0.019708475098013878,,0.5385118126869202,0.5654038786888123,-0.017872555181384087,,0.5571185350418091,0.5738185048103333,-0.02279939316213131,,0.5302088856697083,0.5678116679191589,-0.027454635128378868,,0.5161957740783691,0.5684614181518555,-0.027729203924536705,,0.5045247077941895,0.5673592686653137,-0.027851268649101257,,0.4545690715312958,0.6768724322319031,-1.2037752128435386e-07,,0.47634297609329224,0.6370781064033508,0.0019858747255057096,,0.4937450885772705,0.592845618724823,-0.0023707649670541286,,0.5132253766059875,0.5674003958702087,-0.008180457167327404,,0.5290944576263428,0.5510990619659424,-0.01267955545336008,,0.4716564118862152,0.5294975638389587,-0.006280264351516962,,0.5131224989891052,0.5355921983718872,-0.013307927176356316,,0.5142713785171509,0.5708109736442566,-0.01717466302216053,,0.5074669718742371,0.5883153676986694,-0.019909759983420372,,0.46785539388656616,0.5460845232009888,-0.012447846122086048,,0.5127854943275452,0.5557925701141357,-0.020193489268422127,,0.5117078423500061,0.5892351865768433,-0.021468214690685272,,0.5040711164474487,0.6081781983375549,-0.022124217823147774,,0.4690743088722229,0.5700039863586426,-0.018348123878240585,,0.510765016078949,0.5749558210372925,-0.023829415440559387,,0.5095296502113342,0.6030715703964233,-0.020020894706249237,,0.5019986629486084,0.6205183863639832,-0.01721581257879734,,0.47319063544273376,0.5974036455154419,-0.02430083230137825,,0.5009791254997253,0.5829631686210632,-0.026626449078321457,,0.5147578716278076,0.5704600811004639,-0.024035094305872917,,0.5252072811126709,0.5573522448539734,-0.022189855575561523,
-0.06499296426773071,-0.5893414616584778,-0.1882702112197876,0.9996572732925415,-0.049236565828323364,-0.6319388747215271,-0.18695518374443054,0.9994784593582153,-0.04991614446043968,-0.6315228939056396,-0.1888541430234909,0.9995160698890686,-0.049604058265686035,-0.6315912008285522,-0.1864117681980133,0.9994847178459167,-0.0822085440158844,-0.6329005360603333,-0.178918719291687,0.9994184970855713,-0.08026989549398422,-0.6333211660385132,-0.17970968782901764,0.9994186758995056,-0.08098892867565155,-0.6322258114814758,-0.17558987438678741,0.9993662238121033,0.0517154224216938,-0.6348317265510559,-0.1202852800488472,0.9995875358581543,-0.08230959624052048,-0.6350954174995422,-0.06149204075336456,0.9993689656257629,-0.026300273835659027,-0.5649048089981079,-0.17116951942443848,0.9998447299003601,-0.06602571159601212,-0.5638883113861084,-0.15268734097480774,0.9998088479042053,0.17789696156978607,-0.43234896659851074,-0.07926180213689804,0.9996408820152283,-0.13185082376003265,-0.4466564953327179,0.01570947654545307,0.9996753931045532,0.14758318662643433,-0.20914937555789948,-0.17314109206199646,0.9827364087104797,-0.216591015458107,-0.22484639286994934,-0.056960612535476685,0.9369505047798157,0.006215851753950119,-0.33875566720962524,-0.31253498792648315,0.8834128379821777,-0.1887209713459015,-0.3352419435977936,-0.2574620246887207,0.8549013733863831,-0.047906141728162766,-0.369770348072052,-0.3538797199726105,0.8538619875907898,-0.17971496284008026,-0.3643968999385834,-0.3009190857410431,0.829159677028656,-0.034757524728775024,-0.42012855410575867,-0.3391455411911011,0.8678184747695923,-0.17947550117969513,-0.4126540720462799,-0.2843107283115387,0.8388019800186157,-0.0047658877447247505,-0.3681621849536896,-0.31235623359680176,0.8568940162658691,-0.1784617155790329,-0.35779741406440735,-0.259738028049469,0.8313847780227661,0.11176308989524841,-0.0011646081693470478,-0.01933453045785427,0.35340142250061035,-0.1104361042380333,-0.005082357674837112,0.020118005573749542,0.363442063331604,0.1302274763584137,-0.05771639570593834,-0.08861058205366135,0.04311289265751839,-0.1358892023563385,-0.0017420692602172494,-0.060500115156173706,0.06214926019310951,0.13200198113918304,0.19436165690422058,0.21694476902484894,0.010936170816421509,-0.09650444239377975,0.3957078754901886,0.2155139297246933,0.018027637153863907,0.13260583579540253,0.20290087163448334,0.23760831356048584,0.00614678580313921,-0.08380983769893646,0.414579838514328,0.24822936952114105,0.010769943706691265,0.14690925180912018,0.17418542504310608,0.025133421644568443,0.011752649210393429,-0.1093849316239357,0.4426289200782776,0.048166822642087936,0.017125001177191734,17,0.709,0.604943037033081,0.6070282459259033,-2.0742545814300684e-07,,0.5966517329216003,0.5550474524497986,0.0046503278426826,,0.5784047245979309,0.516626238822937,0.0027664650697261095,,0.5560323596000671,0.5051525831222534,-0.000240524866967462,,0.5412948131561279,0.5148449540138245,-0.003110680263489485,,0.5668164491653442,0.48579221963882446,-0.008399232290685177,,0.5287628173828125,0.4987376928329468,-0.012844046577811241,,0.5326346158981323,0.5188990831375122,-0.012785758823156357,,0.5402258634567261,0.5230655074119568,-0.01244616974145174,,0.5623134970664978,0.5120069980621338,-0.013748656027019024,,0.5253645181655884,0.5247380137443542,-0.01763293147087097,,0.5298476219177246,0.5410400629043579,-0.015297110192477703,,0.537595808506012,0.5451746582984924,-0.014495441690087318,,0.5583469271659851,0.5451183915138245,-0.018192719668149948,,0.5233656167984009,0.5467681884765625,-0.022406745702028275,,0.5258018374443054,0.5608972311019897,-0.019375525414943695,,0.5322459936141968,0.5664887428283691,-0.017763901501893997,,0.5555852651596069,0.5804145932197571,-0.021918807178735733,,0.5277239680290222,0.5752542018890381,-0.026484930887818336,,0.5132836103439331,0.5760377645492554,-0.026766259223222733,,0.5010679364204407,0.5756839513778687,-0.02684497833251953,,0.44606533646583557,0.6877554059028625,-1.1468810612313973e-07,,0.47240346670150757,0.6511017084121704,0.0022527852561324835,,0.4858662784099579,0.6084545850753784,-0.0021098137367516756,,0.49858152866363525,0.5845232605934143,-0.008346757851541042,,0.5089483261108398,0.5774175524711609,-0.01333021093159914,,0.4591093957424164,0.5390524864196777,-0.005177423357963562,,0.5007688999176025,0.5400598049163818,-0.012540106661617756,,0.499727338552475,0.5727179050445557,-0.017821338027715683,,0.4903245270252228,0.5866504907608032,-0.02216055803000927,,0.4557206928730011,0.5548580288887024,-0.012211649678647518,,0.5005097985267639,0.5592540502548218,-0.018205083906650543,,0.498762845993042,0.589085578918457,-0.019128404557704926,,0.4897572994232178,0.6017627120018005,-0.021132109686732292,,0.4569452404975891,0.5790733695030212,-0.019295120611786842,,0.4993864893913269,0.5782346129417419,-0.02320573665201664,,0.49778980016708374,0.604258120059967,-0.01890215463936329,,0.48813337087631226,0.6189872026443481,-0.01718820631504059,,0.4618154764175415,0.60736483335495,-0.02673093043267727,,0.4896499216556549,0.588392436504364,-0.028536148369312286,,0.49889394640922546,0.5836910009384155,-0.02549978531897068,,0.5031350255012512,0.5781484842300415,-0.024144001305103302,
-0.06366220861673355,-0.5896788835525513,-0.1888069361448288,0.9996595978736877,-0.04751036316156387,-0.6321088075637817,-0.18739396333694458,0.9994850158691406,-0.048186033964157104,-0.6316967010498047,-0.18928495049476624,0.9995189905166626,-0.04786813259124756,-0.6317686438560486,-0.18684102594852448,0.9994915127754211,-0.08034741878509521,-0.6331303119659424,-0.1794602870941162,0.9994261264801025,-0.0784083902835846,-0.6335633397102356,-0.1802583783864975,0.9994229674339294,-0.07912121713161469,-0.6324715614318848,-0.17613805830478668,0.999376654624939,0.05399659648537636,-0.6348099112510681,-0.12054825574159622,0.9995918273925781,-0.07926885038614273,-0.6352146863937378,-0.062022581696510315,0.9993794560432434,-0.025103453546762466,-0.565214216709137,-0.1715804934501648,0.9998416304588318,-0.06459029018878937,-0.5642805099487305,-0.15322205424308777,0.9998059272766113,0.1786467581987381,-0.4320662319660187,-0.08014081418514252,0.9996324181556702,-0.13027125597000122,-0.4470961093902588,0.01573076657950878,0.999674379825592,0.14788077771663666,-0.20765213668346405,-0.17372103035449982,0.9838660955429077,-0.21648110449314117,-0.2248481661081314,-0.05259423702955246,0.9409774541854858,0.006046136375516653,-0.3351145088672638,-0.31346479058265686,0.8945415019989014,-0.19439871609210968,-0.3307704031467438,-0.2545013129711151,0.868300199508667,-0.04786529392004013,-0.3665611445903778,-0.3548005223274231,0.8660281896591187,-0.18884925544261932,-0.3596634268760681,-0.29813048243522644,0.8422611355781555,-0.035190168768167496,-0.41793936491012573,-0.34132319688796997,0.8786218762397766,-0.1889551728963852,-0.407126784324646,-0.28294435143470764,0.8510869145393372,-0.005122317932546139,-0.36484771966934204,-0.31385570764541626,0.8682233691215515,-0.18489433825016022,-0.35231050848960876,-0.25732406973838806,0.8436601758003235,0.11156749725341797,-0.0010843442287296057,-0.019462227821350098,0.35530605912208557,-0.1102193146944046,-0.005263232160359621,0.020285191014409065,0.36537548899650574,0.1293564736843109,-0.05655137449502945,-0.08811523765325546,0.04281904920935631,-0.1350204050540924,0.0025020150933414698,-0.060305215418338776,0.06158723309636116,0.13195806741714478,0.19583512842655182,0.2127743661403656,0.010866926051676273,-0.09642648696899414,0.39580655097961426,0.2120358794927597,0.017660437151789665,0.13254773616790771,0.20478002727031708,0.2334987223148346,0.006152815651148558,-0.08379095047712326,0.41447848081588745,0.24409064650535583,0.010733526200056076,0.14691777527332306,0.17618849873542786,0.020575203001499176,0.011709540151059628,-0.10957919806241989,0.44239991903305054,0.04657936841249466,0.01695752888917923,18,0.75,0.6037189960479736,0.6126754283905029,-2.1510764725007903e-07,,0.5951377749443054,0.561060905456543,0.004595906939357519,,0.5766043066978455,0.5210937857627869,0.0025188529398292303,,0.5532803535461426,0.5101353526115417,-0.00060173065867275,,0.5388335585594177,0.5205204486846924,-0.0033908633049577475,,0.564953088760376,0.4923413395881653,-0.00985482893884182,,0.5267608761787415,0.505450963973999,-0.014346467331051826,,0.5310453176498413,0.5265378952026367,-0.013440617360174656,,0.539583146572113,0.5306601524353027,-0.01239809300750494,,0.5600450038909912,0.5186604261398315,-0.015431403182446957,,0.522793173789978,0.5325652956962585,-0.01926872506737709,,0.5286938548088074,0.5501611232757568,-0.0159797053784132,,0.5373726487159729,0.5529468655586243,-0.014491751790046692,,0.5558189749717712,0.5515487194061279,-0.019983462989330292,,0.520357608795166,0.5553901195526123,-0.023706533014774323,,0.5272114276885986,0.5709508061408997,-0.01933470368385315,,0.5373234748840332,0.5749074816703796,-0.017065582796931267,,0.5533061623573303,0.5866485834121704,-0.023917941376566887,,0.5262771248817444,0.5833831429481506,-0.02811104990541935,,0.5112782120704651,0.5841892957687378,-0.028018496930599213,,0.49866706132888794,0.5825703740119934,-0.02805459126830101,,0.4458373486995697,0.6812158226966858,-1.7461461254697497e-07,,0.469958633184433,0.6456443071365356,-0.001719329971820116,,0.48166507482528687,0.6050724387168884,-0.009089760482311249,,0.4928429126739502,0.5798593759536743,-0.01747422106564045,,0.5018842220306396,0.5655571818351746,-0.024363724514842033,,0.44863027334213257,0.5376959443092346,-0.01650547794997692,,0.49152672290802,0.5411624312400818,-0.027026064693927765,,0.49373912811279297,0.5828757882118225,-0.03147769346833229,,0.4874400794506073,0.5992802977561951,-0.03488560765981674,,0.4437792897224426,0.5592466592788696,-0.02258286252617836,,0.4918261766433716,0.5653027892112732,-0.03395204246044159,,0.4909827709197998,0.6018691062927246,-0.034018028527498245,,0.48317915201187134,0.6176964640617371,-0.03416081517934799,,0.44397297501564026,0.5889021754264832,-0.02878384478390217,,0.4897576868534088,0.5890311598777771,-0.038534168154001236,,0.4893015921115875,0.6194097995758057,-0.03414325416088104,,0.4809979200363159,0.6342867612838745,-0.030874639749526978,,0.44887232780456543,0.6216530799865723,-0.0352848619222641,,0.4772128462791443,0.6011480093002319,-0.04236144199967384,,0.48755520582199097,0.5839347243309021,-0.042196329683065414,,0.4932374954223633,0.564118504524231,-0.04214203730225563,
-0.06215187907218933,-0.5898517966270447,-0.18916626274585724,0.9996662735939026,-0.045616935938596725,-0.6321706175804138,-0.18777655065059662,0.9994978904724121,-0.046302758157253265,-0.6317594647407532,-0.18965955078601837,0.9995280504226685,-0.04596672207117081,-0.6318310499191284,-0.1872159242630005,0.9995033740997314,-0.07851559668779373,-0.6332306265830994,-0.1798633337020874,0.9994413256645203,-0.07658108323812485,-0.6336724162101746,-0.180670365691185,0.9994357228279114,-0.07727716863155365,-0.6325827240943909,-0.17655164003372192,0.999394416809082,0.0558251328766346,-0.6345824003219604,-0.12089638411998749,0.9996000528335571,-0.07783376425504684,-0.6351995468139648,-0.06238381937146187,0.9993967413902283,-0.023981470614671707,-0.5653425455093384,-0.1719164401292801,0.9998409748077393,-0.0635034590959549,-0.5644640326499939,-0.15358856320381165,0.999805748462677,0.1791253387928009,-0.43157967925071716,-0.0804620012640953,0.9996265769004822,-0.1302231252193451,-0.44712358713150024,0.015889303758740425,0.9996718764305115,0.14971084892749786,-0.20751982927322388,-0.1737544685602188,0.9847014546394348,-0.21616004407405853,-0.22483427822589874,-0.05094566196203232,0.9440435767173767,0.00621451111510396,-0.3295253813266754,-0.315267413854599,0.9043967723846436,-0.19460028409957886,-0.32800886034965515,-0.25443172454833984,0.8800811767578125,-0.04781120643019676,-0.35999658703804016,-0.35635048151016235,0.8765483498573303,-0.18919986486434937,-0.3577616512775421,-0.29797378182411194,0.8535261154174805,-0.036121610552072525,-0.4116515815258026,-0.343484103679657,0.887946367263794,-0.18996386229991913,-0.40437066555023193,-0.28284767270088196,0.8617339730262756,-0.005218463484197855,-0.3588123619556427,-0.31605756282806396,0.877875030040741,-0.1853758692741394,-0.3487382233142853,-0.2572067081928253,0.853989839553833,0.11146332323551178,-0.0011069250758737326,-0.0194595605134964,0.3531688153743744,-0.11005420982837677,-0.005298446398228407,0.02030296064913273,0.36267200112342834,0.12937362492084503,-0.0628214180469513,-0.0879889726638794,0.04247945919632912,-0.13429279625415802,0.0007643986609764397,-0.0606905072927475,0.060671042650938034,0.13345563411712646,0.19021007418632507,0.2112783044576645,0.010846102610230446,-0.0963219478726387,0.39019376039505005,0.20709241926670074,0.017261939123272896,0.1339769959449768,0.1992831975221634,0.23247630894184113,0.00624637259170413,-0.08364243805408478,0.4068555533885956,0.2394053041934967,0.010730288922786713,0.15048876404762268,0.16622458398342133,0.01380609069019556,0.011750517413020134,-0.10919887572526932,0.4343838095664978,0.04046434909105301,0.016811933368444443,19,0.792,0.6033903956413269,0.6207167506217957,-2.056178090015237e-07,,0.5943888425827026,0.5719314217567444,0.004364520311355591,,0.5742259621620178,0.5346985459327698,0.0020169031340628862,,0.5516234636306763,0.5247237086296082,-0.0017268038354814053,,0.5366951823234558,0.5365369319915771,-0.005271509289741516,,0.5627736449241638,0.5044878125190735,-0.007305293809622526,,0.526119589805603,0.5151481032371521,-0.014396339654922485,,0.5314624905586243,0.5363324880599976,-0.017702672630548477,,0.5407088398933411,0.5401166081428528,-0.01952163688838482,,0.5581774115562439,0.5285683274269104,-0.0131609458476305,,0.5223485231399536,0.5410873293876648,-0.018233174458146095,,0.5288723707199097,0.5582786202430725,-0.01713932864367962,,0.5381407737731934,0.5606265664100647,-0.017092080786824226,,0.5539562702178955,0.5609339475631714,-0.018488960340619087,,0.5198761820793152,0.564896821975708,-0.02317243255674839,,0.5274072289466858,0.5799309611320496,-0.019924044609069824,,0.5383759140968323,0.583535373210907,-0.01830241084098816,,0.5509580969810486,0.5957647562026978,-0.023314280435442924,,0.5248101353645325,0.5966586470603943,-0.027506358921527863,,0.5097999572753906,0.5995535254478455,-0.027467802166938782,,0.4973020553588867,0.5992276668548584,-0.02769937925040722,,0.4415501356124878,0.7003896236419678,-1.1050600789985765e-07,,0.4677940607070923,0.6658917665481567,0.0003666680713649839,,0.4805162847042084,0.6288923621177673,-0.003700037719681859,,0.4907691180706024,0.6054932475090027,-0.00919295847415924,,0.4986955523490906,0.5963935256004333,-0.013378564268350601,,0.45310989022254944,0.5519341826438904,-0.001706723589450121,,0.4941461682319641,0.5535229444503784,-0.01113483589142561,,0.500201940536499,0.5816152095794678,-0.018343010917305946,,0.49625611305236816,0.6002912521362305,-0.023008394986391068,,0.4495338499546051,0.5665075182914734,-0.007443892769515514,,0.4923551082611084,0.5668184757232666,-0.015736941248178482,,0.49488314986228943,0.597362756729126,-0.018435325473546982,,0.48830485343933105,0.6165891885757446,-0.020003922283649445,,0.4500347077846527,0.5893475413322449,-0.013761832378804684,,0.48812562227249146,0.5903956890106201,-0.0198198389261961,,0.48915523290634155,0.616491973400116,-0.017496328800916672,,0.48234671354293823,0.6329261660575867,-0.015573072247207165,,0.4540629982948303,0.6177580952644348,-0.020503781735897064,,0.48292598128318787,0.6093389987945557,-0.022974269464612007,,0.487508624792099,0.6160814762115479,-0.020265700295567513,,0.48553213477134705,0.6189947724342346,-0.018129615113139153,
-0.06012957915663719,-0.5893279910087585,-0.21632887423038483,0.9996779561042786,-0.04395699128508568,-0.6315664649009705,-0.21380466222763062,0.9995149374008179,-0.044647183269262314,-0.6311611533164978,-0.2158173769712448,0.9995408654212952,-0.04427526891231537,-0.6312211751937866,-0.21340076625347137,0.9995173811912537,-0.07746075838804245,-0.6326708197593689,-0.20663899183273315,0.9994649291038513,-0.07552129030227661,-0.6331366896629333,-0.20726145803928375,0.9994592070579529,-0.07619764655828476,-0.6320550441741943,-0.20315571129322052,0.9994229674339294,0.057185254991054535,-0.6337825059890747,-0.14030370116233826,0.99960857629776,-0.0780356153845787,-0.6346256136894226,-0.08636253327131271,0.9994256496429443,-0.022305533289909363,-0.5649686455726624,-0.19704629480838776,0.9998434782028198,-0.06257638335227966,-0.5640637278556824,-0.1799972504377365,0.9998112916946411,0.1806434839963913,-0.4311743676662445,-0.09180052578449249,0.999618649482727,-0.13172708451747894,-0.44713181257247925,-0.0027397277299314737,0.9996761679649353,0.1569642275571823,-0.20751243829727173,-0.1789313703775406,0.9853776097297668,-0.21618281304836273,-0.2239743024110794,-0.07039696723222733,0.9470728039741516,0.00622454984113574,-0.31650713086128235,-0.32914066314697266,0.9130657315254211,-0.19150982797145844,-0.31732863187789917,-0.28948962688446045,0.8905935287475586,-0.049149204045534134,-0.3427414298057556,-0.3704700767993927,0.8854808211326599,-0.18363845348358154,-0.34590455889701843,-0.3366837799549103,0.8636471629142761,-0.04062716290354729,-0.3951113224029541,-0.36094170808792114,0.8958426713943481,-0.1841248869895935,-0.3922673463821411,-0.32251349091529846,0.8713053464889526,-0.006191991735249758,-0.34491533041000366,-0.3314511179924011,0.8858121633529663,-0.18177390098571777,-0.33707159757614136,-0.2919006645679474,0.8629577159881592,0.1114935353398323,-0.0012826217571273446,-0.01833876594901085,0.3496740162372589,-0.1100793331861496,-0.005303999874740839,0.019401444122195244,0.35976409912109375,0.12931302189826965,-0.062259331345558167,-0.08370862156152725,0.044279467314481735,-0.13400042057037354,0.012816520407795906,-0.061318498104810715,0.06236083805561066,0.13397981226444244,0.19032996892929077,0.21200411021709442,0.01126464456319809,-0.09703221917152405,0.38970091938972473,0.20455138385295868,0.017458122223615646,0.1344289630651474,0.19946716725826263,0.2335229068994522,0.006634877994656563,-0.08434610813856125,0.40565380454063416,0.236342191696167,0.011000996455550194,0.15618398785591125,0.16656740009784698,0.014101884327828884,0.012342763133347034,-0.1087217777967453,0.4344852566719055,0.036645568907260895,0.017339954152703285,20,0.834,0.6015775203704834,0.6391745209693909,-1.1823989609638375e-07,,0.5936316847801208,0.5856984853744507,0.00188047019764781,,0.5741289854049683,0.549972414970398,-0.0020712981931865215,,0.5512441992759705,0.5445599555969238,-0.007185741327702999,,0.5369207262992859,0.561777651309967,-0.012485717423260212,,0.5601705312728882,0.533211886882782,-0.00886564701795578,,0.5300254225730896,0.5304232835769653,-0.01706172525882721,,0.5364922881126404,0.5394160747528076,-0.022199003025889397,,0.5466146469116211,0.5439562797546387,-0.024848876520991325,,0.5545819997787476,0.5605366826057434,-0.013826847076416016,,0.5255379676818848,0.5563743710517883,-0.019863376393914223,,0.5317773222923279,0.564132571220398,-0.02173222228884697,,0.5410443544387817,0.5705942511558533,-0.02321930229663849,,0.5498661398887634,0.5931640863418579,-0.018376551568508148,,0.5229503512382507,0.5847687721252441,-0.022745979949831963,,0.5277103185653687,0.5929556488990784,-0.021914776414632797,,0.5366562008857727,0.6001494526863098,-0.021658489480614662,,0.5461979508399963,0.6245551705360413,-0.02261621691286564,,0.5205184817314148,0.6184799671173096,-0.02531164139509201,,0.5088003873825073,0.6175493597984314,-0.025206860154867172,,0.5010545253753662,0.6181064248085022,-0.025379585102200508,,0.44837430119514465,0.7139930725097656,-1.5485740334497677e-07,,0.47454091906547546,0.675351083278656,0.004372434690594673,,0.4901866614818573,0.6340508460998535,0.001644241507165134,,0.5050569176673889,0.6107467412948608,-0.0036417620722204447,,0.5201056599617004,0.6013579368591309,-0.007866465486586094,,0.4669749140739441,0.5610297918319702,0.0019318779231980443,,0.5059814453125,0.5698087215423584,-0.006454078480601311,,0.5073553919792175,0.600589394569397,-0.012855085544288158,,0.4982132315635681,0.6161141991615295,-0.017163565382361412,,0.4616997539997101,0.5703867077827454,-0.005767302121967077,,0.5048290491104126,0.5805877447128296,-0.012615318410098553,,0.505222737789154,0.6122539639472961,-0.014059068635106087,,0.49547329545021057,0.6297770738601685,-0.014844647608697414,,0.4595232903957367,0.5887085199356079,-0.013855472207069397,,0.4991360306739807,0.6008297801017761,-0.0177434254437685,,0.49991947412490845,0.6283725500106812,-0.014499926939606667,,0.49138307571411133,0.6421065330505371,-0.012516472488641739,,0.45999839901924133,0.6132420897483826,-0.02225719764828682,,0.49107903242111206,0.6203551888465881,-0.022213781252503395,,0.49237626791000366,0.6399798393249512,-0.018220558762550354,,0.48582693934440613,0.6496200561523438,-0.01570408046245575,
-0.06029045209288597,-0.5871292352676392,-0.21559369564056396,0.9996965527534485,-0.04406625032424927,-0.6290955543518066,-0.21311117708683014,0.9995413422584534,-0.04475507512688637,-0.6286913156509399,-0.21504151821136475,0.999563992023468,-0.04438459873199463,-0.6286988258361816,-0.2126217931509018,0.9995409250259399,-0.07758576422929764,-0.6305648684501648,-0.20617851614952087,0.9994981288909912,-0.07563775777816772,-0.6309829354286194,-0.2069304883480072,0.9994925856590271,-0.07632413506507874,-0.6298986077308655,-0.20278510451316833,0.9994596242904663,0.0565568208694458,-0.6310807466506958,-0.13971881568431854,0.999630868434906,-0.08100712299346924,-0.6332817673683167,-0.08632127940654755,0.9994664192199707,-0.022975260391831398,-0.5628280639648438,-0.1962050348520279,0.9998522996902466,-0.06376835703849792,-0.5622423887252808,-0.17929239571094513,0.9998233318328857,0.18001903593540192,-0.4310937225818634,-0.09242116659879684,0.9996258616447449,-0.13643118739128113,-0.44695568084716797,-0.001795286196283996,0.9996874332427979,0.1707099974155426,-0.20826634764671326,-0.18215955793857574,0.9864827990531921,-0.21209420263767242,-0.22434324026107788,-0.0749855637550354,0.9506252408027649,0.004468165338039398,-0.3089480698108673,-0.3329559564590454,0.9213403463363647,-0.18487052619457245,-0.3098585605621338,-0.293203741312027,0.9004910588264465,-0.05561502277851105,-0.3316129446029663,-0.3758271038532257,0.8944234848022461,-0.17513391375541687,-0.33544421195983887,-0.3420845866203308,0.8728277087211609,-0.05381673946976662,-0.38311153650283813,-0.3630494177341461,0.9037109613418579,-0.17517457902431488,-0.37831902503967285,-0.3260083794593811,0.8798050284385681,-0.010716482065618038,-0.3370773494243622,-0.3337363004684448,0.894148588180542,-0.17456142604351044,-0.3283134996891022,-0.2951669692993164,0.8714646100997925,0.11178888380527496,-0.0017666820203885436,-0.018351800739765167,0.35913896560668945,-0.11045177280902863,-0.00480624008923769,0.019411375746130943,0.36882585287094116,0.13101032376289368,-0.06256429851055145,-0.08160926401615143,0.04246583953499794,-0.1340135782957077,0.011902645230293274,-0.05924971401691437,0.05883059650659561,0.14689818024635315,0.18689215183258057,0.2119922935962677,0.010852420702576637,-0.09175204485654831,0.38720887899398804,0.21638351678848267,0.016413768753409386,0.14863838255405426,0.19508767127990723,0.2331622689962387,0.006499284412711859,-0.07799897342920303,0.4036482870578766,0.24807757139205933,0.010575088672339916,0.16389916837215424,0.16611187160015106,0.012706843204796314,0.011872240342199802,-0.09935182332992554,0.4362547993659973,0.04405764490365982,0.016375599429011345,21,0.875,0.6022177934646606,0.6719828248023987,-2.0575365056174633e-07,,0.5873473286628723,0.6212940812110901,-0.0003374205844011158,,0.5618064403533936,0.5878313183784485,-0.0020304659847170115,,0.5386940836906433,0.5789411067962646,-0.0036399078089743853,,0.5253855586051941,0.594694972038269,-0.007203368935734034,,0.5360811948776245,0.567943274974823,-0.010319817811250687,,0.516838788986206,0.6113216876983643,-0.01396533939987421,,0.510305643081665,0.6384738683700562,-0.017479876056313515,,0.5059216618537903,0.6563354134559631,-0.020485971122980118,,0.5351231098175049,0.5958510041236877,-0.01380932703614235,,0.5181379914283752,0.6432863473892212,-0.017249146476387978,,0.5071160197257996,0.6688280701637268,-0.0239093117415905,,0.49983420968055725,0.6909661293029785,-0.03045906499028206,,0.5386596322059631,0.6291454434394836,-0.016135701909661293,,0.5190550088882446,0.6668521165847778,-0.021358449012041092,,0.506567656993866,0.6890228986740112,-0.028050778433680534,,0.4986829459667206,0.706481397151947,-0.03368186950683594,,0.5451419353485107,0.6654881238937378,-0.017870556563138962,,0.5228199362754822,0.6862457990646362,-0.02457539364695549,,0.5076267719268799,0.7021856904029846,-0.0279958825558424,,0.4945726990699768,0.7148962020874023,-0.0302913598716259,,,,,,,,,,,,,,,,,,,,,,,,,,,,,,,,,,,,,,,,,,,,,,,,,,,,,,,,,,,,,,,,,,,,,,,,,,,,,,,,,,,,,
-0.06391997635364532,-0.5870862007141113,-0.22012965381145477,0.999714732170105,-0.04750928282737732,-0.6290137767791748,-0.217242032289505,0.9995662569999695,-0.0481562614440918,-0.6286103129386902,-0.21910643577575684,0.9995856285095215,-0.047803495079278946,-0.6286085844039917,-0.21669170260429382,0.9995622038841248,-0.08194761723279953,-0.630567193031311,-0.21121802926063538,0.9995307922363281,-0.07995422929525375,-0.6309840679168701,-0.21210412681102753,0.9995258450508118,-0.08066076040267944,-0.6299014687538147,-0.20796971023082733,0.9994956851005554,0.05143363028764725,-0.6307678818702698,-0.14141646027565002,0.9996495842933655,-0.09120139479637146,-0.6334581971168518,-0.09250754117965698,0.9995055198669434,-0.027778128162026405,-0.5627440810203552,-0.19965888559818268,0.9998589754104614,-0.06978397816419601,-0.5622352957725525,-0.18416261672973633,0.9998338222503662,0.17570887506008148,-0.43121790885925293,-0.09530407190322876,0.9996103048324585,-0.14969179034233093,-0.44756144285202026,-0.005731421057134867,0.9996905326843262,0.17438922822475433,-0.2078220397233963,-0.18525750935077667,0.9872551560401917,-0.2125118225812912,-0.22516022622585297,-0.08979187905788422,0.9533310532569885,0.0011944258585572243,-0.27714231610298157,-0.3365520238876343,0.9284263849258423,-0.18484187126159668,-0.2872330844402313,-0.30634811520576477,0.9086877703666687,-0.060815829783678055,-0.2903757095336914,-0.38049453496932983,0.901029109954834,-0.17466573417186737,-0.3043099641799927,-0.35579416155815125,0.8787984251976013,-0.06624487787485123,-0.3383398950099945,-0.3680971562862396,0.9093723893165588,-0.1742331087589264,-0.34265610575675964,-0.3426174819469452,0.8851318359375,-0.01722578890621662,-0.30223730206489563,-0.3374594449996948,0.9000144600868225,-0.17428706586360931,-0.3020951449871063,-0.3090982139110565,0.8767335414886475,0.11248820275068283,-0.0028751236386597157,-0.016316059976816177,0.3629840910434723,-0.11143720149993896,-0.004012975841760635,0.017318110913038254,0.37401285767555237,0.132227823138237,-0.06400351971387863,-0.0662693902850151,0.04131215065717697,-0.13396549224853516,0.024772444739937782,-0.060481686145067215,0.05615178868174553,0.15176449716091156,0.1824246197938919,0.21131862699985504,0.01051649171859026,-0.09181931614875793,0.38686561584472656,0.21307285130023956,0.015582645311951637,0.1536749303340912,0.190125972032547,0.23124219477176666,0.006349793169647455,-0.07812520861625671,0.40330544114112854,0.24290990829467773,0.010140832513570786,0.1746368408203125,0.16607214510440826,0.011075207032263279,0.011575860902667046,-0.09796007722616196,0.44078323245048523,0.034851063042879105,0.01565665565431118,22,0.917,,,,,,,,,,,,,,,,,,,,,,,,,,,,,,,,,,,,,,,,,,,,,,,,,,,,,,,,,,,,,,,,,,,,,,,,,,,,,,,,,,,,,,,,,,,,,,,,,,,,,,,,,,,,,,,,,,,,,,,,,,,,,,,,,,,,,,,,,,,,,,,,,,,,,,,,,,,,,,,,,,,,,,,,
-0.06371723115444183,-0.5879641771316528,-0.24040670692920685,0.9997190833091736,-0.04745687171816826,-0.629600465297699,-0.23562489449977875,0.9995681643486023,-0.04809505492448807,-0.6292123198509216,-0.23741133511066437,0.9995842576026917,-0.04774182662367821,-0.6291953921318054,-0.23506341874599457,0.9995580315589905,-0.08199724555015564,-0.6312880516052246,-0.23177769780158997,0.9995437860488892,-0.07999663800001144,-0.6317179203033447,-0.2327081561088562,0.9995409846305847,-0.08070340752601624,-0.6306500434875488,-0.22859913110733032,0.9995136260986328,0.04976574704051018,-0.63077712059021,-0.1520027220249176,0.9996458888053894,-0.09646258503198624,-0.6335887908935547,-0.11406316608190536,0.9995287656784058,-0.027900418266654015,-0.5632694363594055,-0.21710076928138733,0.9998587369918823,-0.07033959776163101,-0.5627749562263489,-0.20487448573112488,0.9998387098312378,0.171939417719841,-0.431423544883728,-0.1014847457408905,0.9995806217193604,-0.15775930881500244,-0.44756072759628296,-0.024568337947130203,0.9996838569641113,0.18107864260673523,-0.20154845714569092,-0.18540318310260773,0.9879037737846375,-0.2162594199180603,-0.22025229036808014,-0.10088719427585602,0.9555867314338684,0.0007348997169174254,-0.2320890724658966,-0.338578999042511,0.93454909324646,-0.19231288135051727,-0.24128425121307373,-0.31489330530166626,0.9152084589004517,-0.06147720292210579,-0.23671972751617432,-0.3841809630393982,0.9061337113380432,-0.1822192519903183,-0.24918298423290253,-0.36588436365127563,0.8820732831954956,-0.0709114596247673,-0.28601089119911194,-0.3758748471736908,0.9136984348297119,-0.1804148256778717,-0.28785040974617004,-0.35835909843444824,0.8881202936172485,-0.019395845010876656,-0.2555946409702301,-0.3410540521144867,0.9043511748313904,-0.18117593228816986,-0.2544812560081482,-0.319437175989151,0.8795545697212219,0.11249392479658127,-0.0039786072447896,-0.013367840088903904,0.3669976592063904,-0.1115446537733078,-0.003002670593559742,0.014252139255404472,0.37906068563461304,0.13280393183231354,-0.044994890689849854,-0.06086525321006775,0.0408908911049366,-0.13098379969596863,0.06478121876716614,-0.06249845027923584,0.05466952919960022,0.15325886011123657,0.20088565349578857,0.20706407725811005,0.010341924615204334,-0.09046284109354019,0.4026459753513336,0.198042631149292,0.015086364932358265,0.15529990196228027,0.21073202788829803,0.22531276941299438,0.006390571128576994,-0.07721567153930664,0.42090240120887756,0.22416195273399353,0.009968679398298264,0.18092261254787445,0.20024655759334564,0.011820370331406593,0.011445057578384876,-0.09124970436096191,0.4702901840209961,0.025245897471904755,0.015241114422678947,23,0.959,,,,,,,,,,,,,,,,,,,,,,,,,,,,,,,,,,,,,,,,,,,,,,,,,,,,,,,,,,,,,,,,,,,,,,,,,,,,,,,,,,,,,,,,,,,,,,,,,,,,,,,,,,,,,,,,,,,,,,,,,,,,,,,,,,,,,,,,,,,,,,,,,,,,,,,,,,,,,,,,,,,,,,,,
-0.06548488140106201,-0.5987661480903625,-0.24543239176273346,0.9997349381446838,-0.047682709991931915,-0.6378804445266724,-0.24009931087493896,0.9995930194854736,-0.0482865609228611,-0.6374650001525879,-0.24219661951065063,0.9996088147163391,-0.04796527326107025,-0.6374508738517761,-0.23996518552303314,0.9995815753936768,-0.08317259699106216,-0.6408405900001526,-0.2337447702884674,0.9995695948600769,-0.08112967014312744,-0.6413272023200989,-0.23430848121643066,0.9995681047439575,-0.08179359138011932,-0.6402649879455566,-0.23034889996051788,0.9995401501655579,0.0523228757083416,-0.630802571773529,-0.1582397222518921,0.999661386013031,-0.09661878645420074,-0.6366503238677979,-0.10985369980335236,0.999555766582489,-0.0289663914591074,-0.5703279972076416,-0.22368918359279633,0.9998642802238464,-0.07251333445310593,-0.5710262656211853,-0.2079525887966156,0.9998447895050049,0.17309367656707764,-0.4288623631000519,-0.12522870302200317,0.9995953440666199,-0.16107463836669922,-0.4470023512840271,-0.036402978003025055,0.9996869564056396,0.20168082416057587,-0.1976834237575531,-0.21969130635261536,0.9878578782081604,-0.23021931946277618,-0.2172546088695526,-0.059022244065999985,0.9518064856529236,0.0018024536548182368,-0.20175911486148834,-0.37874409556388855,0.9373915791511536,-0.26527926325798035,-0.12208648771047592,-0.19075840711593628,0.8808239102363586,-0.06113339588046074,-0.18558284640312195,-0.4202246367931366,0.904150128364563,-0.26856884360313416,-0.08688456565141678,-0.20703208446502686,0.8328202962875366,-0.08876225352287292,-0.2242269515991211,-0.41628265380859375,0.9125469923019409,-0.26568737626075745,-0.09966541826725006,-0.24183231592178345,0.8490296602249146,-0.023453569039702415,-0.21630965173244476,-0.38164281845092773,0.9024973511695862,-0.2513514459133148,-0.11837547272443771,-0.21046486496925354,0.8392784595489502,0.1125015914440155,-0.0037732990458607674,-0.01134118065237999,0.3488959074020386,-0.11153914034366608,-0.003302621655166149,0.012676501646637917,0.3579622507095337,0.11332196742296219,-0.045475784689188004,-0.0898197814822197,0.04089418053627014,-0.12773911654949188,0.0559687502682209,-0.08246349543333054,0.05282346159219742,0.1525850147008896,0.20337122678756714,0.16810855269432068,0.010609679855406284,-0.10848395526409149,0.40274882316589355,0.20199134945869446,0.014754889532923698,0.1545773595571518,0.21486914157867432,0.19044843316078186,0.006422812584787607,-0.10536248236894608,0.42045003175735474,0.23757220804691315,0.00965046789497137,0.1797294020652771,0.19365350902080536,-0.0377776063978672,0.01171201467514038,-0.14734382927417755,0.43824490904808044,0.04982616752386093,0.01491303090006113,24,1.001,,,,,,,,,,,,,,,,,,,,,,,,,,,,,,,,,,,,,,,,,,,,,,,,,,,,,,,,,,,,,,,,,,,,,,,,,,,,,,,,,,,,,,,,,,,,,,,,,,,,,,,,,,,,,,,,,,,,,,,,,,,,,,,,,,,,,,,,,,,,,,,,,,,,,,,,,,,,,,,,,,,,,,,,
-0.07005908340215683,-0.60456782579422,-0.27179664373397827,0.9996998310089111,-0.051859889179468155,-0.6433376669883728,-0.26781079173088074,0.9995331764221191,-0.05233164504170418,-0.6429319977760315,-0.2697655260562897,0.9995573163032532,-0.05199308320879936,-0.6429368257522583,-0.2677513062953949,0.9995192289352417,-0.08856967836618423,-0.64589923620224,-0.2611665427684784,0.9995051026344299,-0.08649881184101105,-0.6464811563491821,-0.26131555438041687,0.9995120763778687,-0.0870792418718338,-0.6454488635063171,-0.2574949562549591,0.9994745850563049,0.04965755715966225,-0.6341584324836731,-0.1895691454410553,0.9995912909507751,-0.10126816481351852,-0.6397197246551514,-0.13569973409175873,0.9994853138923645,-0.03397984802722931,-0.5768422484397888,-0.2500148415565491,0.9998343586921692,-0.07781942933797836,-0.5766710042953491,-0.23356445133686066,0.9998078942298889,0.17062397301197052,-0.43894898891448975,-0.15569372475147247,0.9995563626289368,-0.16460056602954865,-0.4501170217990875,-0.07363109290599823,0.9996396899223328,0.20034916698932648,-0.20983438193798065,-0.21589718759059906,0.9841541647911072,-0.2299356311559677,-0.2245214283466339,-0.060321081429719925,0.9447492957115173,0.04365631937980652,-0.10358792543411255,-0.3604906499385834,0.901283323764801,-0.2605505585670471,-0.08446353673934937,-0.1947803795337677,0.8437028527259827,0.00406328309327364,-0.05119716376066208,-0.3895155191421509,0.8563082218170166,-0.26662158966064453,-0.03126785159111023,-0.2101229727268219,0.7901761531829834,-0.04263390973210335,-0.06917870044708252,-0.4047018885612488,0.8731276988983154,-0.2659643590450287,-0.029999347403645515,-0.249740332365036,0.8133100271224976,0.010862817987799644,-0.10023763030767441,-0.37634485960006714,0.8571035265922546,-0.25139108300209045,-0.06814143061637878,-0.21469470858573914,0.8020113706588745,0.11189860105514526,-0.004471360705792904,-0.01130640134215355,0.323342889547348,-0.11111655086278915,-0.0032189860939979553,0.012722976505756378,0.3312086760997772,0.07400442659854889,-0.03381998464465141,-0.0681665688753128,0.046775974333286285,-0.12463805824518204,0.12184741348028183,-0.08781243115663528,0.05800243839621544,0.12723183631896973,0.23192785680294037,0.1631348431110382,0.011605151928961277,-0.13826856017112732,0.44153809547424316,0.17128431797027588,0.01640559732913971,0.12913209199905396,0.24564562737941742,0.18414171040058136,0.006434416398406029,-0.14027981460094452,0.45793160796165466,0.20663946866989136,0.009700968861579895,0.16831524670124054,0.2173856943845749,-0.037811268121004105,0.013308857567608356,-0.1865650862455368,0.4672500789165497,0.030536077916622162,0.016649886965751648,25,1.042,,,,,,,,,,,,,,,,,,,,,,,,,,,,,,,,,,,,,,,,,,,,,,,,,,,,,,,,,,,,,,,,,,,,,,,,,,,,,,,,,,,,,,,,,,,,,,,,,,,,,,,,,,,,,,,,,,,,,,,,,,,,,,,,,,,,,,,,,,,,,,,,,,,,,,,,,,,,,,,,,,,,,,,,
-0.06497009098529816,-0.603783369064331,-0.2958143949508667,0.9996210932731628,-0.04502422735095024,-0.6431605815887451,-0.2926710844039917,0.9994013905525208,-0.04544667899608612,-0.6427584290504456,-0.29460540413856506,0.9994504451751709,-0.04506644606590271,-0.642760157585144,-0.2926619052886963,0.9994049668312073,-0.08238647133111954,-0.6455280780792236,-0.285444438457489,0.9993347525596619,-0.08034386485815048,-0.6460703611373901,-0.2853254973888397,0.9993531703948975,-0.08090710639953613,-0.6450322270393372,-0.28145092725753784,0.9992905259132385,0.05816622078418732,-0.6322215795516968,-0.21580025553703308,0.9994745850563049,-0.0935250073671341,-0.6388422846794128,-0.1566835343837738,0.9992475509643555,-0.02929367497563362,-0.5763558149337769,-0.2736413776874542,0.9997963309288025,-0.07320187985897064,-0.5761188864707947,-0.2558407187461853,0.9997465014457703,0.17352518439292908,-0.43864575028419495,-0.16750285029411316,0.999552845954895,-0.15631182491779327,-0.4510752856731415,-0.09557341039180756,0.9996077418327332,0.21355955302715302,-0.20996545255184174,-0.18824158608913422,0.98033207654953,-0.21845361590385437,-0.23220698535442352,-0.049544669687747955,0.9363588690757751,0.12776602804660797,-0.055230509489774704,-0.2772563099861145,0.861219584941864,-0.25099486112594604,-0.07649941742420197,-0.14424191415309906,0.8032015562057495,0.10696357488632202,0.0062998379580676556,-0.2979862093925476,0.8073331713676453,-0.2570836544036865,-0.017104078084230423,-0.15078093111515045,0.7462479472160339,0.06639093905687332,-0.0015641103964298964,-0.3405725657939911,0.8323771953582764,-0.2553862929344177,-0.010779101401567459,-0.19752448797225952,0.7756147384643555,0.09838840365409851,-0.04560065641999245,-0.298037052154541,0.8126298785209656,-0.24215596914291382,-0.05682928115129471,-0.16578951478004456,0.7631850838661194,0.11064489185810089,-0.004339819774031639,-0.011364050209522247,0.29991456866264343,-0.10946645587682724,-0.0034155654720962048,0.012776024639606476,0.3068483769893646,0.07767479866743088,-0.02880978025496006,-0.06859222799539566,0.051157690584659576,-0.10775744915008545,0.09746046364307404,-0.09781281650066376,0.06347227096557617,0.12844064831733704,0.2604091763496399,0.16778025031089783,0.013027464970946312,-0.13564898073673248,0.4545036256313324,0.16462251543998718,0.01901041343808174,0.12978297472000122,0.27728813886642456,0.1893610954284668,0.006709778681397438,-0.1318710893392563,0.471916526556015,0.20301133394241333,0.010368754155933857,0.16997377574443817,0.23817561566829681,-0.03336960822343826,0.014813201501965523,-0.1674613356590271,0.46819010376930237,0.02794364094734192,0.0186297744512558,26,1.084,,,,,,,,,,,,,,,,,,,,,,,,,,,,,,,,,,,,,,,,,,,,,,,,,,,,,,,,,,,,,,,,,,,,,,,,,,,,,,,,,,,,,,,,,,,,,,,,,,,,,,,,,,,,,,,,,,,,,,,,,,,,,,,,,,,,,,,,,,,,,,,,,,,,,,,,,,,,,,,,,,,,,,,,
